# Region type : patch wOutlet
# Faces  :     2574
# Area   :     7.7677716e-05
# Time         	average(U)	average(p)	average(T)
0              	(0.0000000e+00 0.0000000e+00 0.0000000e+00)	1.0000000e+05	2.9300000e+02
4.82697e-07    	(-1.5264012e-08 5.5215859e-04 1.9700801e-08)	1.0000086e+05	2.9400001e+02
8.85764e-07    	(4.8660888e-08 6.3087365e-04 1.3777405e-07)	1.0000093e+05	2.9399995e+02
1.28883e-06    	(6.3526411e-08 5.3123892e-04 3.5243301e-07)	1.0000088e+05	2.9399989e+02
1.6919e-06     	(7.4418194e-08 4.5215103e-04 4.4901583e-07)	1.0000084e+05	2.9399986e+02
2.09497e-06    	(1.3017819e-07 3.9213624e-04 2.6978196e-07)	1.0000081e+05	2.9399983e+02
2.28068e-06    	(1.5980039e-07 3.5959913e-04 8.8767477e-08)	1.0000079e+05	2.9399981e+02
2.4664e-06     	(1.0391225e-05 3.7146728e-04 -1.1185621e-05)	1.0000046e+05	2.9399580e+02
2.65212e-06    	(2.0546512e-05 6.7272504e-04 1.8098971e-06)	9.9999516e+04	2.9399097e+02
2.83785e-06    	(2.5449387e-05 1.3202599e-03 -9.9793043e-06)	9.9998477e+04	2.9399110e+02
3.02358e-06    	(3.0253651e-05 2.0523018e-03 -3.2836051e-05)	9.9998431e+04	2.9398803e+02
3.20931e-06    	(3.4037874e-05 2.5033449e-03 -3.6763615e-05)	9.9997453e+04	2.9397236e+02
3.39504e-06    	(1.5178735e-05 2.8270992e-03 -2.4349307e-05)	9.9991794e+04	2.9388625e+02
3.58079e-06    	(-5.2315629e-05 3.3719967e-03 5.9451086e-05)	9.9977161e+04	2.9379766e+02
3.76653e-06    	(-1.1980364e-04 5.4549126e-03 1.8968229e-04)	9.9958334e+04	2.9373654e+02
3.95227e-06    	(-1.4241919e-04 1.1394392e-02 2.8086785e-04)	9.9940138e+04	2.9368001e+02
4.13801e-06    	(-1.3707282e-04 2.2959687e-02 3.2462317e-04)	9.9922870e+04	2.9362223e+02
4.32376e-06    	(-2.3900267e-04 3.9818957e-02 4.4264152e-04)	9.9908267e+04	2.9358745e+02
4.5095e-06     	(-4.3845630e-04 6.0595441e-02 6.5900544e-04)	9.9899632e+04	2.9356860e+02
4.69524e-06    	(-6.7347356e-04 8.2940803e-02 9.0101216e-04)	9.9894991e+04	2.9356091e+02
4.881e-06      	(-8.9485381e-04 1.0491498e-01 1.1281012e-03)	9.9893120e+04	2.9355398e+02
5.06679e-06    	(-1.0591584e-03 1.2491171e-01 1.2738445e-03)	9.9892785e+04	2.9355981e+02
5.25257e-06    	(-1.1461860e-03 1.4155850e-01 1.3163674e-03)	9.9893859e+04	2.9357569e+02
5.43835e-06    	(-1.1653185e-03 1.5351181e-01 1.3027512e-03)	9.9896877e+04	2.9360381e+02
5.62413e-06    	(-1.1084467e-03 1.5958041e-01 1.2217004e-03)	9.9900564e+04	2.9362284e+02
5.80991e-06    	(-9.4388440e-04 1.5867674e-01 1.0061416e-03)	9.9900948e+04	2.9362182e+02
5.99569e-06    	(-6.7110654e-04 1.5056407e-01 6.6865390e-04)	9.9898220e+04	2.9361369e+02
6.18147e-06    	(-2.3554283e-04 1.3625286e-01 7.7215828e-05)	9.9893129e+04	2.9361087e+02
6.36725e-06    	(2.7416144e-04 1.1721961e-01 -7.0227033e-04)	9.9885850e+04	2.9359424e+02
6.55304e-06    	(6.9860555e-04 9.5420622e-02 -1.6012774e-03)	9.9875208e+04	2.9356513e+02
6.73885e-06    	(1.0089631e-03 7.3018085e-02 -2.5774447e-03)	9.9861139e+04	2.9351079e+02
6.92463e-06    	(1.3566535e-03 5.2350367e-02 -3.7784345e-03)	9.9844305e+04	2.9346904e+02
7.11041e-06    	(1.8767084e-03 3.5754777e-02 -5.2464080e-03)	9.9827778e+04	2.9341818e+02
7.29619e-06    	(2.6038297e-03 2.5063304e-02 -6.5344074e-03)	9.9810680e+04	2.9336645e+02
7.48197e-06    	(3.3379208e-03 2.1224498e-02 -7.5904336e-03)	9.9793148e+04	2.9330260e+02
7.66775e-06    	(3.8598331e-03 2.3845646e-02 -8.3556946e-03)	9.9778051e+04	2.9326916e+02
7.85352e-06    	(4.0953334e-03 3.1982471e-02 -8.8018466e-03)	9.9767271e+04	2.9323097e+02
8.0393e-06     	(4.1305449e-03 4.4544097e-02 -8.9620051e-03)	9.9759832e+04	2.9323232e+02
8.22508e-06    	(4.0394749e-03 5.9984859e-02 -9.0835401e-03)	9.9759224e+04	2.9325361e+02
8.41086e-06    	(3.9078378e-03 7.6308442e-02 -9.2074607e-03)	9.9764444e+04	2.9328269e+02
8.59664e-06    	(3.7842102e-03 9.1444998e-02 -9.4455691e-03)	9.9773002e+04	2.9331529e+02
8.69667e-06    	(3.7457036e-03 9.8264927e-02 -9.6338370e-03)	9.9777930e+04	2.9332970e+02
8.79669e-06    	(3.7346759e-03 1.0356562e-01 -9.8411317e-03)	9.9782443e+04	2.9334148e+02
8.89672e-06    	(3.7487474e-03 1.0703678e-01 -1.0049929e-02)	9.9786298e+04	2.9335147e+02
8.99674e-06    	(3.7783682e-03 1.0849200e-01 -1.0258503e-02)	9.9789274e+04	2.9335596e+02
9.09677e-06    	(3.8226097e-03 1.0794206e-01 -1.0487783e-02)	9.9790982e+04	2.9335646e+02
9.19679e-06    	(3.9051939e-03 1.0549510e-01 -1.0776241e-02)	9.9791371e+04	2.9335861e+02
9.29682e-06    	(4.0367465e-03 1.0127177e-01 -1.1118983e-02)	9.9790845e+04	2.9335907e+02
9.39685e-06    	(4.1968738e-03 9.5488575e-02 -1.1508541e-02)	9.9789619e+04	2.9335858e+02
9.49687e-06    	(4.3513881e-03 8.8336543e-02 -1.1916134e-02)	9.9787774e+04	2.9335719e+02
9.5969e-06     	(4.4881448e-03 8.0070161e-02 -1.2343370e-02)	9.9785426e+04	2.9335344e+02
9.69692e-06    	(4.5857162e-03 7.1042247e-02 -1.2745319e-02)	9.9782263e+04	2.9333859e+02
9.79695e-06    	(4.6306990e-03 6.1652853e-02 -1.3072069e-02)	9.9777714e+04	2.9331363e+02
9.89697e-06    	(4.6287150e-03 5.2370476e-02 -1.3317676e-02)	9.9771572e+04	2.9329014e+02
9.997e-06      	(4.6059601e-03 4.3486691e-02 -1.3483974e-02)	9.9764246e+04	2.9327010e+02
1.0097e-05     	(4.6066888e-03 3.5274731e-02 -1.3639262e-02)	9.9756854e+04	2.9325144e+02
1.01971e-05    	(4.6054665e-03 2.8126031e-02 -1.3812633e-02)	9.9749789e+04	2.9323022e+02
1.02971e-05    	(4.5923635e-03 2.2431549e-02 -1.4000305e-02)	9.9742915e+04	2.9320390e+02
1.03971e-05    	(4.5743078e-03 1.8383908e-02 -1.4179158e-02)	9.9736125e+04	2.9318971e+02
1.04971e-05    	(4.5456407e-03 1.5816385e-02 -1.4330047e-02)	9.9730148e+04	2.9317948e+02
1.05972e-05    	(4.5039460e-03 1.4596018e-02 -1.4464875e-02)	9.9725457e+04	2.9317463e+02
1.06972e-05    	(4.4601916e-03 1.4594417e-02 -1.4586364e-02)	9.9722132e+04	2.9316916e+02
1.07972e-05    	(4.4251612e-03 1.5645703e-02 -1.4719327e-02)	9.9719996e+04	2.9316673e+02
1.08972e-05    	(4.3984672e-03 1.7555075e-02 -1.4887921e-02)	9.9718870e+04	2.9316599e+02
1.09973e-05    	(4.3851377e-03 2.0102919e-02 -1.5103112e-02)	9.9718691e+04	2.9316722e+02
1.10973e-05    	(4.3918890e-03 2.3069841e-02 -1.5351505e-02)	9.9719256e+04	2.9316883e+02
1.11973e-05    	(4.4197343e-03 2.6281011e-02 -1.5621716e-02)	9.9720369e+04	2.9317238e+02
1.12973e-05    	(4.4884775e-03 2.9617483e-02 -1.5924522e-02)	9.9721997e+04	2.9317905e+02
1.13974e-05    	(4.6057082e-03 3.3014632e-02 -1.6282530e-02)	9.9724185e+04	2.9318715e+02
1.14974e-05    	(4.7679859e-03 3.6363572e-02 -1.6702051e-02)	9.9726804e+04	2.9319597e+02
1.15974e-05    	(4.9623554e-03 3.9433896e-02 -1.7177690e-02)	9.9729666e+04	2.9320426e+02
1.16974e-05    	(5.1951449e-03 4.2021297e-02 -1.7691300e-02)	9.9732516e+04	2.9321180e+02
1.17975e-05    	(5.4460961e-03 4.3970239e-02 -1.8236344e-02)	9.9735138e+04	2.9321725e+02
1.18975e-05    	(5.7175486e-03 4.5182202e-02 -1.8813647e-02)	9.9737269e+04	2.9322053e+02
1.19975e-05    	(6.0229351e-03 4.5591054e-02 -1.9435243e-02)	9.9738826e+04	2.9322380e+02
1.20975e-05    	(6.3515796e-03 4.5191347e-02 -2.0118009e-02)	9.9739901e+04	2.9322456e+02
1.21976e-05    	(6.6833531e-03 4.3974689e-02 -2.0865206e-02)	9.9740319e+04	2.9322459e+02
1.22976e-05    	(7.0058202e-03 4.1952639e-02 -2.1666580e-02)	9.9740083e+04	2.9322039e+02
1.23976e-05    	(7.2788570e-03 3.9344429e-02 -2.2433733e-02)	9.9739273e+04	2.9321614e+02
1.24976e-05    	(7.4897404e-03 3.6220446e-02 -2.3125994e-02)	9.9737787e+04	2.9320934e+02
1.25977e-05    	(7.6484014e-03 3.2812283e-02 -2.3725397e-02)	9.9735667e+04	2.9319841e+02
1.26977e-05    	(7.7959433e-03 2.9444648e-02 -2.4240769e-02)	9.9732872e+04	2.9318511e+02
1.27977e-05    	(7.9334645e-03 2.6289480e-02 -2.4695176e-02)	9.9729590e+04	2.9317862e+02
1.28977e-05    	(8.0830311e-03 2.3292166e-02 -2.5135855e-02)	9.9726587e+04	2.9317205e+02
1.29978e-05    	(8.2369005e-03 2.0577888e-02 -2.5582773e-02)	9.9723907e+04	2.9316417e+02
1.30978e-05    	(8.3805882e-03 1.8262665e-02 -2.6024103e-02)	9.9721406e+04	2.9315628e+02
1.31978e-05    	(8.5007638e-03 1.6392209e-02 -2.6453545e-02)	9.9719104e+04	2.9314773e+02
1.32978e-05    	(8.5776835e-03 1.5036339e-02 -2.6842412e-02)	9.9716895e+04	2.9313913e+02
1.33978e-05    	(8.6225902e-03 1.4239802e-02 -2.7189813e-02)	9.9714814e+04	2.9313205e+02
1.34979e-05    	(8.6525372e-03 1.4069227e-02 -2.7507943e-02)	9.9712845e+04	2.9312264e+02
1.35979e-05    	(8.6752630e-03 1.4531890e-02 -2.7794783e-02)	9.9711205e+04	2.9311816e+02
1.36979e-05    	(8.7014662e-03 1.5546610e-02 -2.8049908e-02)	9.9710033e+04	2.9311752e+02
1.37979e-05    	(8.7413148e-03 1.7017989e-02 -2.8277018e-02)	9.9709532e+04	2.9311919e+02
1.38979e-05    	(8.7861284e-03 1.8872467e-02 -2.8511364e-02)	9.9709841e+04	2.9312295e+02
1.39979e-05    	(8.8368012e-03 2.0974726e-02 -2.8741798e-02)	9.9710908e+04	2.9312858e+02
1.40979e-05    	(8.8967020e-03 2.3192727e-02 -2.8966058e-02)	9.9712551e+04	2.9313526e+02
1.4198e-05     	(8.9605521e-03 2.5413651e-02 -2.9175574e-02)	9.9714598e+04	2.9314127e+02
1.4298e-05     	(9.0314783e-03 2.7547777e-02 -2.9358868e-02)	9.9716839e+04	2.9314638e+02
1.4398e-05     	(9.1121543e-03 2.9524803e-02 -2.9519446e-02)	9.9718995e+04	2.9315086e+02
1.4498e-05     	(9.2127293e-03 3.1263519e-02 -2.9674162e-02)	9.9721108e+04	2.9315535e+02
1.4598e-05     	(9.3361622e-03 3.2696340e-02 -2.9837028e-02)	9.9723148e+04	2.9316049e+02
1.4698e-05     	(9.4838243e-03 3.3741761e-02 -3.0013952e-02)	9.9725084e+04	2.9316465e+02
1.4798e-05     	(9.6398096e-03 3.4356979e-02 -3.0196361e-02)	9.9726742e+04	2.9316625e+02
1.48981e-05    	(9.7926846e-03 3.4531155e-02 -3.0384337e-02)	9.9727971e+04	2.9316741e+02
1.49981e-05    	(9.9414453e-03 3.4264025e-02 -3.0575330e-02)	9.9728822e+04	2.9316806e+02
1.50981e-05    	(1.0095634e-02 3.3599749e-02 -3.0758595e-02)	9.9729376e+04	2.9316743e+02
1.51981e-05    	(1.0231638e-02 3.2602579e-02 -3.0921341e-02)	9.9729638e+04	2.9316561e+02
1.52981e-05    	(1.0335991e-02 3.1327407e-02 -3.1069171e-02)	9.9729638e+04	2.9316352e+02
1.53981e-05    	(1.0422403e-02 2.9847083e-02 -3.1220860e-02)	9.9729325e+04	2.9315910e+02
1.54982e-05    	(1.0510401e-02 2.8261283e-02 -3.1345076e-02)	9.9728576e+04	2.9315284e+02
1.55982e-05    	(1.0607532e-02 2.6696907e-02 -3.1454485e-02)	9.9727587e+04	2.9314878e+02
1.56962e-05    	(1.0699018e-02 2.5238443e-02 -3.1568646e-02)	9.9726512e+04	2.9314416e+02
1.57943e-05    	(1.0805844e-02 2.3966908e-02 -3.1728258e-02)	9.9725373e+04	2.9313857e+02
1.58923e-05    	(1.0940006e-02 2.3045851e-02 -3.1915644e-02)	9.9724286e+04	2.9313415e+02
1.59904e-05    	(1.1096903e-02 2.2533349e-02 -3.2136391e-02)	9.9723299e+04	2.9312756e+02
1.60884e-05    	(1.1282729e-02 2.2480069e-02 -3.2395762e-02)	9.9722399e+04	2.9312469e+02
1.61865e-05    	(1.1496958e-02 2.2833760e-02 -3.2669820e-02)	9.9721842e+04	2.9312450e+02
1.62845e-05    	(1.1732895e-02 2.3515098e-02 -3.2945810e-02)	9.9721746e+04	2.9312433e+02
1.63826e-05    	(1.1982401e-02 2.4475837e-02 -3.3219008e-02)	9.9722058e+04	2.9312545e+02
1.64806e-05    	(1.2231514e-02 2.5629539e-02 -3.3473501e-02)	9.9722739e+04	2.9312809e+02
1.65787e-05    	(1.2480730e-02 2.6893096e-02 -3.3698347e-02)	9.9723767e+04	2.9313050e+02
1.66767e-05    	(1.2713061e-02 2.8210361e-02 -3.3897148e-02)	9.9725077e+04	2.9313417e+02
1.67748e-05    	(1.2923976e-02 2.9532673e-02 -3.4077427e-02)	9.9726619e+04	2.9313800e+02
1.68728e-05    	(1.3117555e-02 3.0810136e-02 -3.4238901e-02)	9.9728336e+04	2.9314194e+02
1.69709e-05    	(1.3302500e-02 3.2006998e-02 -3.4378947e-02)	9.9730152e+04	2.9314597e+02
1.70689e-05    	(1.3483319e-02 3.3090265e-02 -3.4491504e-02)	9.9731918e+04	2.9314894e+02
1.7167e-05     	(1.3647411e-02 3.4046585e-02 -3.4576246e-02)	9.9733739e+04	2.9315168e+02
1.7265e-05     	(1.3784321e-02 3.4812326e-02 -3.4648607e-02)	9.9735459e+04	2.9315438e+02
1.73631e-05    	(1.3901732e-02 3.5337582e-02 -3.4704407e-02)	9.9737053e+04	2.9315664e+02
1.74611e-05    	(1.3998337e-02 3.5607545e-02 -3.4731068e-02)	9.9738480e+04	2.9315771e+02
1.75592e-05    	(1.4084749e-02 3.5622648e-02 -3.4718411e-02)	9.9739622e+04	2.9315839e+02
1.76572e-05    	(1.4158717e-02 3.5404548e-02 -3.4678933e-02)	9.9740542e+04	2.9315755e+02
1.77553e-05    	(1.4210502e-02 3.4986648e-02 -3.4613729e-02)	9.9741129e+04	2.9315657e+02
1.78533e-05    	(1.4233454e-02 3.4393326e-02 -3.4511026e-02)	9.9741566e+04	2.9315497e+02
1.79514e-05    	(1.4239757e-02 3.3664898e-02 -3.4388583e-02)	9.9741789e+04	2.9315272e+02
1.80494e-05    	(1.4223127e-02 3.2863706e-02 -3.4239967e-02)	9.9741843e+04	2.9314962e+02
1.81475e-05    	(1.4178977e-02 3.2056378e-02 -3.4059274e-02)	9.9741711e+04	2.9314628e+02
1.82455e-05    	(1.4109704e-02 3.1309867e-02 -3.3846064e-02)	9.9741415e+04	2.9314190e+02
1.83436e-05    	(1.4018311e-02 3.0691029e-02 -3.3602325e-02)	9.9741019e+04	2.9313877e+02
1.84416e-05    	(1.3908882e-02 3.0258172e-02 -3.3334369e-02)	9.9740605e+04	2.9313526e+02
1.85396e-05    	(1.3762659e-02 3.0047234e-02 -3.3038250e-02)	9.9740244e+04	2.9313319e+02
1.86377e-05    	(1.3578869e-02 3.0056705e-02 -3.2738258e-02)	9.9740069e+04	2.9313234e+02
1.87357e-05    	(1.3383957e-02 3.0287583e-02 -3.2438547e-02)	9.9740190e+04	2.9313206e+02
1.88337e-05    	(1.3177820e-02 3.0735016e-02 -3.2145337e-02)	9.9740536e+04	2.9313219e+02
1.89318e-05    	(1.2963321e-02 3.1366169e-02 -3.1878499e-02)	9.9741130e+04	2.9313384e+02
1.90298e-05    	(1.2750283e-02 3.2130146e-02 -3.1632401e-02)	9.9742003e+04	2.9313511e+02
1.91279e-05    	(1.2555089e-02 3.2993589e-02 -3.1399855e-02)	9.9743044e+04	2.9313760e+02
1.92259e-05    	(1.2385952e-02 3.3909052e-02 -3.1164902e-02)	9.9744288e+04	2.9313945e+02
1.93239e-05    	(1.2244423e-02 3.4837161e-02 -3.0920276e-02)	9.9745645e+04	2.9314265e+02
1.9422e-05     	(1.2131562e-02 3.5727516e-02 -3.0671506e-02)	9.9747112e+04	2.9314509e+02
1.952e-05      	(1.2041514e-02 3.6548924e-02 -3.0428335e-02)	9.9748596e+04	2.9314732e+02
1.96181e-05    	(1.1980399e-02 3.7279944e-02 -3.0180756e-02)	9.9750057e+04	2.9314939e+02
1.97161e-05    	(1.1942079e-02 3.7887452e-02 -2.9928552e-02)	9.9751505e+04	2.9315210e+02
1.98141e-05    	(1.1906813e-02 3.8331829e-02 -2.9663823e-02)	9.9752941e+04	2.9315369e+02
1.99122e-05    	(1.1889891e-02 3.8598714e-02 -2.9396380e-02)	9.9754247e+04	2.9315500e+02
2.00102e-05    	(1.1887213e-02 3.8680756e-02 -2.9139356e-02)	9.9755386e+04	2.9315550e+02
2.01083e-05    	(1.1888043e-02 3.8567886e-02 -2.8895199e-02)	9.9756346e+04	2.9315525e+02
2.02063e-05    	(1.1886237e-02 3.8277776e-02 -2.8675406e-02)	9.9757038e+04	2.9315422e+02
2.03043e-05    	(1.1880158e-02 3.7839934e-02 -2.8470654e-02)	9.9757535e+04	2.9315278e+02
2.04024e-05    	(1.1865695e-02 3.7274584e-02 -2.8272260e-02)	9.9757811e+04	2.9315035e+02
2.05004e-05    	(1.1859784e-02 3.6653986e-02 -2.8076193e-02)	9.9757873e+04	2.9314863e+02
2.05984e-05    	(1.1866692e-02 3.6064007e-02 -2.7900700e-02)	9.9757904e+04	2.9314600e+02
2.06963e-05    	(1.1872567e-02 3.5546657e-02 -2.7769574e-02)	9.9757867e+04	2.9314413e+02
2.07943e-05    	(1.1885872e-02 3.5144405e-02 -2.7692045e-02)	9.9757845e+04	2.9314203e+02
2.08922e-05    	(1.1909948e-02 3.4891243e-02 -2.7665090e-02)	9.9757812e+04	2.9314103e+02
2.09902e-05    	(1.1924057e-02 3.4823903e-02 -2.7665889e-02)	9.9757994e+04	2.9314025e+02
2.10881e-05    	(1.1923349e-02 3.4927693e-02 -2.7679956e-02)	9.9758322e+04	2.9314012e+02
2.11861e-05    	(1.1914640e-02 3.5169590e-02 -2.7683950e-02)	9.9758776e+04	2.9313911e+02
2.1284e-05     	(1.1906330e-02 3.5543328e-02 -2.7645057e-02)	9.9759279e+04	2.9313850e+02
2.1382e-05     	(1.1910660e-02 3.6025127e-02 -2.7551589e-02)	9.9759828e+04	2.9313841e+02
2.148e-05      	(1.1924933e-02 3.6590923e-02 -2.7401188e-02)	9.9760499e+04	2.9313984e+02
2.15772e-05    	(1.1955837e-02 3.7211282e-02 -2.7217188e-02)	9.9761331e+04	2.9314085e+02
2.16745e-05    	(1.1988944e-02 3.7869530e-02 -2.7010653e-02)	9.9762264e+04	2.9314183e+02
2.17717e-05    	(1.2017535e-02 3.8541191e-02 -2.6780614e-02)	9.9763298e+04	2.9314360e+02
2.1869e-05     	(1.2036049e-02 3.9196651e-02 -2.6525759e-02)	9.9764430e+04	2.9314549e+02
2.19662e-05    	(1.2037719e-02 3.9808052e-02 -2.6248137e-02)	9.9765595e+04	2.9314624e+02
2.20635e-05    	(1.2029527e-02 4.0358092e-02 -2.5957681e-02)	9.9766661e+04	2.9314650e+02
2.21607e-05    	(1.2013161e-02 4.0830940e-02 -2.5661075e-02)	9.9767615e+04	2.9314756e+02
2.2258e-05     	(1.1976191e-02 4.1231416e-02 -2.5356097e-02)	9.9768578e+04	2.9314793e+02
2.23552e-05    	(1.1921523e-02 4.1548019e-02 -2.5050766e-02)	9.9769552e+04	2.9314803e+02
2.24525e-05    	(1.1852587e-02 4.1776655e-02 -2.4754423e-02)	9.9770433e+04	2.9314735e+02
2.25497e-05    	(1.1778413e-02 4.1894731e-02 -2.4476808e-02)	9.9771115e+04	2.9314478e+02
2.2647e-05     	(1.1703629e-02 4.1919948e-02 -2.4226775e-02)	9.9771487e+04	2.9314164e+02
2.27442e-05    	(1.1634716e-02 4.1878594e-02 -2.4010800e-02)	9.9771619e+04	2.9313968e+02
2.28415e-05    	(1.1550632e-02 4.1783839e-02 -2.3816487e-02)	9.9771685e+04	2.9313736e+02
2.29387e-05    	(1.1439788e-02 4.1677058e-02 -2.3630432e-02)	9.9771707e+04	2.9313603e+02
2.3036e-05     	(1.1298399e-02 4.1576544e-02 -2.3466852e-02)	9.9771783e+04	2.9313424e+02
2.31332e-05    	(1.1135687e-02 4.1479677e-02 -2.3306354e-02)	9.9771868e+04	2.9313329e+02
2.32305e-05    	(1.0972591e-02 4.1406949e-02 -2.3132021e-02)	9.9771987e+04	2.9313268e+02
2.33277e-05    	(1.0827429e-02 4.1381670e-02 -2.2951280e-02)	9.9772235e+04	2.9313238e+02
2.3425e-05     	(1.0705789e-02 4.1435610e-02 -2.2740417e-02)	9.9772591e+04	2.9313239e+02
2.35222e-05    	(1.0610324e-02 4.1563294e-02 -2.2487879e-02)	9.9773044e+04	2.9313244e+02
2.36195e-05    	(1.0526053e-02 4.1766910e-02 -2.2198447e-02)	9.9773568e+04	2.9313245e+02
2.37167e-05    	(1.0432897e-02 4.2065733e-02 -2.1857814e-02)	9.9774193e+04	2.9313335e+02
2.3814e-05     	(1.0314154e-02 4.2444343e-02 -2.1442409e-02)	9.9774864e+04	2.9313247e+02
2.39112e-05    	(1.0161549e-02 4.2887778e-02 -2.0967117e-02)	9.9775495e+04	2.9313173e+02
2.40085e-05    	(9.9868121e-03 4.3360722e-02 -2.0459633e-02)	9.9776038e+04	2.9313065e+02
2.41057e-05    	(9.7988476e-03 4.3848369e-02 -1.9929031e-02)	9.9776544e+04	2.9313062e+02
2.4203e-05     	(9.6067031e-03 4.4330940e-02 -1.9369073e-02)	9.9777054e+04	2.9313020e+02
2.43002e-05    	(9.4153313e-03 4.4794900e-02 -1.8801650e-02)	9.9777564e+04	2.9312960e+02
2.43975e-05    	(9.2281514e-03 4.5223274e-02 -1.8237376e-02)	9.9778057e+04	2.9312953e+02
2.44947e-05    	(9.0521832e-03 4.5613489e-02 -1.7678511e-02)	9.9778598e+04	2.9312962e+02
2.4592e-05     	(8.8908776e-03 4.5961603e-02 -1.7134215e-02)	9.9779144e+04	2.9312923e+02
2.46892e-05    	(8.7451882e-03 4.6261535e-02 -1.6619266e-02)	9.9779672e+04	2.9312944e+02
2.47865e-05    	(8.6029503e-03 4.6489313e-02 -1.6123555e-02)	9.9780242e+04	2.9312973e+02
2.48837e-05    	(8.4660469e-03 4.6642097e-02 -1.5642596e-02)	9.9780743e+04	2.9312914e+02
2.4981e-05     	(8.3380219e-03 4.6723823e-02 -1.5193770e-02)	9.9781176e+04	2.9312812e+02
2.50782e-05    	(8.2254016e-03 4.6726827e-02 -1.4788472e-02)	9.9781512e+04	2.9312617e+02
2.51755e-05    	(8.1395230e-03 4.6651302e-02 -1.4428447e-02)	9.9781661e+04	2.9312468e+02
2.52727e-05    	(8.0766291e-03 4.6503194e-02 -1.4105752e-02)	9.9781716e+04	2.9312274e+02
2.537e-05      	(8.0183616e-03 4.6310375e-02 -1.3818447e-02)	9.9781603e+04	2.9311981e+02
2.54672e-05    	(7.9620887e-03 4.6096292e-02 -1.3558171e-02)	9.9781416e+04	2.9311818e+02
2.55645e-05    	(7.8934777e-03 4.5863083e-02 -1.3324919e-02)	9.9781241e+04	2.9311620e+02
2.56617e-05    	(7.8069356e-03 4.5638204e-02 -1.3116255e-02)	9.9781077e+04	2.9311455e+02
2.5759e-05     	(7.7005765e-03 4.5438737e-02 -1.2920419e-02)	9.9780889e+04	2.9311288e+02
2.58562e-05    	(7.5780638e-03 4.5263654e-02 -1.2741086e-02)	9.9780697e+04	2.9311160e+02
2.59535e-05    	(7.4422147e-03 4.5100350e-02 -1.2570942e-02)	9.9780543e+04	2.9311036e+02
2.60507e-05    	(7.3083973e-03 4.4970021e-02 -1.2404124e-02)	9.9780481e+04	2.9310916e+02
2.6148e-05     	(7.1943456e-03 4.4886706e-02 -1.2249660e-02)	9.9780511e+04	2.9310817e+02
2.62452e-05    	(7.1010305e-03 4.4857487e-02 -1.2104843e-02)	9.9780570e+04	2.9310686e+02
2.63425e-05    	(7.0271182e-03 4.4877099e-02 -1.1975752e-02)	9.9780639e+04	2.9310608e+02
2.64397e-05    	(6.9733953e-03 4.4936785e-02 -1.1861879e-02)	9.9780731e+04	2.9310531e+02
2.6537e-05     	(6.9550120e-03 4.5035496e-02 -1.1760706e-02)	9.9780849e+04	2.9310484e+02
2.66342e-05    	(6.9621545e-03 4.5156799e-02 -1.1667768e-02)	9.9781065e+04	2.9310479e+02
2.67315e-05    	(6.9860248e-03 4.5281486e-02 -1.1573047e-02)	9.9781341e+04	2.9310455e+02
2.68287e-05    	(7.0031366e-03 4.5399876e-02 -1.1471814e-02)	9.9781633e+04	2.9310378e+02
2.6926e-05     	(7.0007028e-03 4.5484238e-02 -1.1362297e-02)	9.9781903e+04	2.9310369e+02
2.70232e-05    	(6.9903285e-03 4.5507299e-02 -1.1239076e-02)	9.9782169e+04	2.9310270e+02
2.71205e-05    	(6.9690779e-03 4.5456845e-02 -1.1099392e-02)	9.9782338e+04	2.9310218e+02
2.72177e-05    	(6.9189252e-03 4.5322425e-02 -1.0949071e-02)	9.9782510e+04	2.9310235e+02
2.7315e-05     	(6.8474194e-03 4.5103268e-02 -1.0784179e-02)	9.9782661e+04	2.9310229e+02
2.74122e-05    	(6.7608321e-03 4.4815174e-02 -1.0606495e-02)	9.9782895e+04	2.9310225e+02
2.75095e-05    	(6.6583854e-03 4.4470356e-02 -1.0415843e-02)	9.9783162e+04	2.9310220e+02
2.76067e-05    	(6.5464162e-03 4.4032516e-02 -1.0214363e-02)	9.9783386e+04	2.9310152e+02
2.7704e-05     	(6.4197957e-03 4.3514285e-02 -1.0000075e-02)	9.9783485e+04	2.9309976e+02
2.78012e-05    	(6.2933663e-03 4.2946631e-02 -9.7822744e-03)	9.9783428e+04	2.9309827e+02
2.78985e-05    	(6.1718304e-03 4.2322393e-02 -9.5650357e-03)	9.9783296e+04	2.9309696e+02
2.79957e-05    	(6.0546020e-03 4.1662110e-02 -9.3572737e-03)	9.9783106e+04	2.9309524e+02
2.8093e-05     	(5.9542466e-03 4.1000248e-02 -9.1593796e-03)	9.9782845e+04	2.9309349e+02
2.81902e-05    	(5.8621678e-03 4.0346456e-02 -8.9667307e-03)	9.9782530e+04	2.9309208e+02
2.82875e-05    	(5.7636600e-03 3.9708825e-02 -8.7720806e-03)	9.9782266e+04	2.9309094e+02
2.83847e-05    	(5.6643199e-03 3.9091559e-02 -8.5759328e-03)	9.9782022e+04	2.9308938e+02
2.8482e-05     	(5.5691356e-03 3.8499329e-02 -8.3822754e-03)	9.9781751e+04	2.9308784e+02
2.85792e-05    	(5.4903328e-03 3.7948177e-02 -8.2028105e-03)	9.9781485e+04	2.9308699e+02
2.86765e-05    	(5.4259455e-03 3.7435231e-02 -8.0334719e-03)	9.9781280e+04	2.9308599e+02
2.87737e-05    	(5.3679933e-03 3.6972231e-02 -7.8693895e-03)	9.9781154e+04	2.9308521e+02
2.8871e-05     	(5.3117336e-03 3.6556485e-02 -7.7208087e-03)	9.9781008e+04	2.9308400e+02
2.89682e-05    	(5.2640875e-03 3.6198211e-02 -7.5907490e-03)	9.9780901e+04	2.9308336e+02
2.90655e-05    	(5.2178229e-03 3.5903370e-02 -7.4635460e-03)	9.9780882e+04	2.9308273e+02
2.91627e-05    	(5.1745022e-03 3.5655467e-02 -7.3362800e-03)	9.9780873e+04	2.9308192e+02
2.92599e-05    	(5.1277230e-03 3.5460566e-02 -7.1912308e-03)	9.9780864e+04	2.9308088e+02
2.93572e-05    	(5.0753296e-03 3.5305972e-02 -7.0149054e-03)	9.9780883e+04	2.9308054e+02
2.94544e-05    	(5.0191009e-03 3.5165318e-02 -6.8166210e-03)	9.9780998e+04	2.9308112e+02
2.95517e-05    	(4.9590911e-03 3.4995545e-02 -6.5982352e-03)	9.9781176e+04	2.9308161e+02
2.96489e-05    	(4.8931719e-03 3.4791697e-02 -6.3668981e-03)	9.9781422e+04	2.9308204e+02
2.97462e-05    	(4.8224338e-03 3.4536884e-02 -6.1277394e-03)	9.9781696e+04	2.9308263e+02
2.98434e-05    	(4.7415404e-03 3.4217648e-02 -5.8811945e-03)	9.9781956e+04	2.9308300e+02
2.99407e-05    	(4.6497292e-03 3.3841886e-02 -5.6326741e-03)	9.9782202e+04	2.9308329e+02
3.00379e-05    	(4.5514903e-03 3.3404405e-02 -5.3927535e-03)	9.9782358e+04	2.9308275e+02
3.01352e-05    	(4.4544325e-03 3.2926356e-02 -5.1707636e-03)	9.9782523e+04	2.9308256e+02
3.02324e-05    	(4.3584139e-03 3.2393718e-02 -4.9613490e-03)	9.9782622e+04	2.9308212e+02
3.03297e-05    	(4.2625158e-03 3.1808293e-02 -4.7573294e-03)	9.9782670e+04	2.9308131e+02
3.04269e-05    	(4.1678188e-03 3.1148854e-02 -4.5586796e-03)	9.9782621e+04	2.9308086e+02
3.05241e-05    	(4.0810223e-03 3.0428839e-02 -4.3671706e-03)	9.9782531e+04	2.9308041e+02
3.06214e-05    	(4.0061037e-03 2.9665761e-02 -4.1969252e-03)	9.9782420e+04	2.9307962e+02
3.07186e-05    	(3.9371478e-03 2.8881984e-02 -4.0529609e-03)	9.9782270e+04	2.9307888e+02
3.08159e-05    	(3.8784923e-03 2.8097156e-02 -3.9315687e-03)	9.9782096e+04	2.9307801e+02
3.09131e-05    	(3.8282957e-03 2.7318061e-02 -3.8252223e-03)	9.9781860e+04	2.9307707e+02
3.10103e-05    	(3.7868726e-03 2.6574580e-02 -3.7340151e-03)	9.9781684e+04	2.9307648e+02
3.11076e-05    	(3.7537704e-03 2.5851819e-02 -3.6535409e-03)	9.9781501e+04	2.9307533e+02
3.12048e-05    	(3.7270986e-03 2.5175772e-02 -3.5821916e-03)	9.9781279e+04	2.9307407e+02
3.1302e-05     	(3.6993823e-03 2.4563069e-02 -3.5075823e-03)	9.9781017e+04	2.9307296e+02
3.13993e-05    	(3.6728487e-03 2.4006256e-02 -3.4332858e-03)	9.9780776e+04	2.9307231e+02
3.14965e-05    	(3.6399523e-03 2.3503738e-02 -3.3605165e-03)	9.9780611e+04	2.9307204e+02
3.15937e-05    	(3.6054789e-03 2.3033619e-02 -3.2819228e-03)	9.9780489e+04	2.9307173e+02
3.1691e-05     	(3.5658159e-03 2.2605778e-02 -3.1985294e-03)	9.9780450e+04	2.9307180e+02
3.17882e-05    	(3.5233583e-03 2.2203911e-02 -3.1097385e-03)	9.9780465e+04	2.9307183e+02
3.18855e-05    	(3.4763718e-03 2.1816345e-02 -3.0187259e-03)	9.9780558e+04	2.9307195e+02
3.19827e-05    	(3.4232687e-03 2.1427131e-02 -2.9226563e-03)	9.9780677e+04	2.9307209e+02
3.20799e-05    	(3.3647669e-03 2.1019446e-02 -2.8202355e-03)	9.9780798e+04	2.9307214e+02
3.21772e-05    	(3.3064895e-03 2.0588394e-02 -2.7128312e-03)	9.9780926e+04	2.9307226e+02
3.22744e-05    	(3.2496639e-03 2.0143362e-02 -2.5984563e-03)	9.9781041e+04	2.9307225e+02
3.23716e-05    	(3.1979633e-03 1.9686593e-02 -2.4752703e-03)	9.9781158e+04	2.9307202e+02
3.24689e-05    	(3.1530050e-03 1.9212969e-02 -2.3473443e-03)	9.9781281e+04	2.9307208e+02
3.25661e-05    	(3.1118402e-03 1.8710109e-02 -2.2157190e-03)	9.9781387e+04	2.9307189e+02
3.26634e-05    	(3.0721027e-03 1.8171005e-02 -2.0868408e-03)	9.9781439e+04	2.9307145e+02
3.27606e-05    	(3.0295259e-03 1.7597919e-02 -1.9599451e-03)	9.9781461e+04	2.9307119e+02
3.28578e-05    	(2.9823445e-03 1.7001417e-02 -1.8364929e-03)	9.9781455e+04	2.9307097e+02
3.29551e-05    	(2.9307738e-03 1.6387618e-02 -1.7227506e-03)	9.9781452e+04	2.9307014e+02
3.30523e-05    	(2.8735363e-03 1.5760881e-02 -1.6186586e-03)	9.9781406e+04	2.9306972e+02
3.31495e-05    	(2.8153157e-03 1.5122638e-02 -1.5135026e-03)	9.9781344e+04	2.9306900e+02
3.3244e-05     	(2.7585816e-03 1.4509830e-02 -1.4084588e-03)	9.9781264e+04	2.9306833e+02
3.33384e-05    	(2.7006669e-03 1.3911536e-02 -1.3068514e-03)	9.9781150e+04	2.9306757e+02
3.34329e-05    	(2.6396263e-03 1.3336683e-02 -1.2122131e-03)	9.9781012e+04	2.9306678e+02
3.35274e-05    	(2.5676996e-03 1.2804080e-02 -1.1259058e-03)	9.9780900e+04	2.9306644e+02
3.36219e-05    	(2.4888329e-03 1.2305231e-02 -1.0406560e-03)	9.9780816e+04	2.9306609e+02
3.37163e-05    	(2.4149624e-03 1.1850718e-02 -9.5952012e-04)	9.9780751e+04	2.9306545e+02
3.38108e-05    	(2.3470507e-03 1.1440838e-02 -8.7769814e-04)	9.9780701e+04	2.9306534e+02
3.39053e-05    	(2.2864600e-03 1.1061951e-02 -7.9636144e-04)	9.9780703e+04	2.9306519e+02
3.39999e-05    	(2.2336877e-03 1.0712294e-02 -7.2015615e-04)	9.9780737e+04	2.9306518e+02
3.40944e-05    	(2.1882943e-03 1.0384975e-02 -6.4580405e-04)	9.9780830e+04	2.9306540e+02
3.4184e-05     	(2.1509490e-03 1.0078153e-02 -5.7305133e-04)	9.9780959e+04	2.9306555e+02
3.42739e-05    	(2.1162475e-03 9.7617195e-03 -4.9699951e-04)	9.9781088e+04	2.9306554e+02
3.43637e-05    	(2.0822978e-03 9.4337899e-03 -4.1413456e-04)	9.9781215e+04	2.9306556e+02
3.44535e-05    	(2.0493984e-03 9.0959771e-03 -3.2379970e-04)	9.9781349e+04	2.9306556e+02
3.45434e-05    	(2.0157663e-03 8.7416444e-03 -2.2437289e-04)	9.9781467e+04	2.9306570e+02
3.46321e-05    	(1.9807074e-03 8.3796593e-03 -1.1870399e-04)	9.9781587e+04	2.9306574e+02
3.47209e-05    	(1.9435862e-03 8.0013398e-03 -5.3500648e-06)	9.9781710e+04	2.9306591e+02
3.48098e-05    	(1.9017008e-03 7.6062328e-03 1.1705246e-04)	9.9781826e+04	2.9306574e+02
3.48987e-05    	(1.8544793e-03 7.1994543e-03 2.4764646e-04)	9.9781923e+04	2.9306552e+02
3.49876e-05    	(1.8006997e-03 6.7797150e-03 3.8311466e-04)	9.9781980e+04	2.9306516e+02
3.50765e-05    	(1.7404052e-03 6.3492863e-03 5.1887830e-04)	9.9782023e+04	2.9306454e+02
3.51655e-05    	(1.6776867e-03 5.9319138e-03 6.5472973e-04)	9.9782008e+04	2.9306420e+02
3.52544e-05    	(1.6106692e-03 5.5234663e-03 7.9391409e-04)	9.9782030e+04	2.9306383e+02
3.53433e-05    	(1.5461943e-03 5.1048512e-03 9.3298643e-04)	9.9782034e+04	2.9306333e+02
3.54322e-05    	(1.4807170e-03 4.6987881e-03 1.0675842e-03)	9.9782015e+04	2.9306289e+02
3.55212e-05    	(1.4154853e-03 4.3093899e-03 1.1929541e-03)	9.9781997e+04	2.9306260e+02
3.56102e-05    	(1.3504003e-03 3.9358766e-03 1.3129294e-03)	9.9781988e+04	2.9306220e+02
3.56991e-05    	(1.2891898e-03 3.5720699e-03 1.4330638e-03)	9.9782002e+04	2.9306185e+02
3.5788e-05     	(1.2270131e-03 3.2335536e-03 1.5507695e-03)	9.9781999e+04	2.9306160e+02
3.5877e-05     	(1.1641691e-03 2.9201292e-03 1.6622962e-03)	9.9782023e+04	2.9306126e+02
3.59659e-05    	(1.1060307e-03 2.6369080e-03 1.7650238e-03)	9.9782035e+04	2.9306099e+02
3.60549e-05    	(1.0504107e-03 2.3816666e-03 1.8672654e-03)	9.9782019e+04	2.9306080e+02
3.61438e-05    	(1.0041121e-03 2.1676424e-03 1.9705389e-03)	9.9782137e+04	2.9306105e+02
3.62328e-05    	(9.6343582e-04 1.9586842e-03 2.0738210e-03)	9.9782291e+04	2.9306121e+02
3.63217e-05    	(9.2739358e-04 1.7325195e-03 2.1796923e-03)	9.9782442e+04	2.9306135e+02
3.64106e-05    	(8.9322390e-04 1.4980474e-03 2.2899216e-03)	9.9782596e+04	2.9306127e+02
3.64996e-05    	(8.5993114e-04 1.2573589e-03 2.4056951e-03)	9.9782747e+04	2.9306132e+02
3.65885e-05    	(8.2348646e-04 1.0110988e-03 2.5277399e-03)	9.9782897e+04	2.9306137e+02
3.66774e-05    	(7.8411790e-04 7.5581502e-04 2.6574233e-03)	9.9783039e+04	2.9306133e+02
3.67664e-05    	(7.4069531e-04 4.9273011e-04 2.7935553e-03)	9.9783175e+04	2.9306130e+02
3.68553e-05    	(6.9287672e-04 2.2425701e-04 2.9342384e-03)	9.9783305e+04	2.9306129e+02
3.69442e-05    	(6.4262335e-04 -4.7940243e-05 3.0776510e-03)	9.9783412e+04	2.9306115e+02
3.70331e-05    	(5.8587603e-04 -3.1764632e-04 3.2210541e-03)	9.9783543e+04	2.9306114e+02
3.7122e-05     	(5.2405284e-04 -5.9327386e-04 3.3627651e-03)	9.9783661e+04	2.9306104e+02
3.7211e-05     	(4.5652233e-04 -8.7048034e-04 3.5038591e-03)	9.9783767e+04	2.9306085e+02
3.72999e-05    	(3.8648300e-04 -1.1456510e-03 3.6431932e-03)	9.9783865e+04	2.9306072e+02
3.73888e-05    	(3.1557233e-04 -1.4204798e-03 3.7786795e-03)	9.9783956e+04	2.9306044e+02
3.74777e-05    	(2.4220260e-04 -1.6910217e-03 3.9080602e-03)	9.9784029e+04	2.9306029e+02
3.75666e-05    	(1.6813484e-04 -1.9585075e-03 4.0301574e-03)	9.9784124e+04	2.9306031e+02
3.76555e-05    	(9.7507226e-05 -2.2204117e-03 4.1479322e-03)	9.9784228e+04	2.9306015e+02
3.77444e-05    	(2.8121705e-05 -2.4853336e-03 4.2666117e-03)	9.9784322e+04	2.9306002e+02
3.78333e-05    	(-3.7533830e-05 -2.7463457e-03 4.3891665e-03)	9.9784422e+04	2.9305997e+02
3.79222e-05    	(-9.9264755e-05 -3.0039263e-03 4.5144676e-03)	9.9784520e+04	2.9305962e+02
3.80111e-05    	(-1.5648896e-04 -3.2582681e-03 4.6477567e-03)	9.9784605e+04	2.9305955e+02
3.81e-05       	(-2.1036465e-04 -3.5092193e-03 4.7870327e-03)	9.9784672e+04	2.9305932e+02
3.81889e-05    	(-2.6375577e-04 -3.7487411e-03 4.9314927e-03)	9.9784777e+04	2.9305923e+02
3.82778e-05    	(-3.1785072e-04 -3.9874458e-03 5.0777615e-03)	9.9784866e+04	2.9305906e+02
3.83667e-05    	(-3.7215832e-04 -4.2196123e-03 5.2227583e-03)	9.9784956e+04	2.9305922e+02
3.84556e-05    	(-4.2963199e-04 -4.4449611e-03 5.3683517e-03)	9.9785056e+04	2.9305914e+02
3.85445e-05    	(-4.8732337e-04 -4.6672647e-03 5.5122514e-03)	9.9785186e+04	2.9305913e+02
3.86334e-05    	(-5.4696099e-04 -4.8783520e-03 5.6572026e-03)	9.9785319e+04	2.9305920e+02
3.87222e-05    	(-6.0881356e-04 -5.0824390e-03 5.8020881e-03)	9.9785437e+04	2.9305923e+02
3.88111e-05    	(-6.7019343e-04 -5.2799529e-03 5.9480282e-03)	9.9785590e+04	2.9305918e+02
3.89e-05       	(-7.3411230e-04 -5.4801208e-03 6.0933783e-03)	9.9785737e+04	2.9305922e+02
3.89889e-05    	(-8.0030244e-04 -5.6834128e-03 6.2359318e-03)	9.9785885e+04	2.9305932e+02
3.90778e-05    	(-8.6686221e-04 -5.8911719e-03 6.3765928e-03)	9.9786028e+04	2.9305934e+02
3.91666e-05    	(-9.3497872e-04 -6.1030120e-03 6.5163480e-03)	9.9786166e+04	2.9305934e+02
3.92555e-05    	(-1.0017341e-03 -6.3194879e-03 6.6552509e-03)	9.9786290e+04	2.9305914e+02
3.93444e-05    	(-1.0682686e-03 -6.5361144e-03 6.7937170e-03)	9.9786407e+04	2.9305920e+02
3.94333e-05    	(-1.1367099e-03 -6.7482838e-03 6.9319711e-03)	9.9786536e+04	2.9305913e+02
3.95221e-05    	(-1.2044815e-03 -6.9684919e-03 7.0660425e-03)	9.9786665e+04	2.9305913e+02
3.9611e-05     	(-1.2723052e-03 -7.1954822e-03 7.2010626e-03)	9.9786784e+04	2.9305914e+02
3.96999e-05    	(-1.3395469e-03 -7.4263043e-03 7.3349599e-03)	9.9786907e+04	2.9305916e+02
3.97888e-05    	(-1.4040692e-03 -7.6602904e-03 7.4682418e-03)	9.9787014e+04	2.9305900e+02
3.98776e-05    	(-1.4676024e-03 -7.8897139e-03 7.6007637e-03)	9.9787138e+04	2.9305915e+02
3.99665e-05    	(-1.5306512e-03 -8.1222149e-03 7.7345645e-03)	9.9787273e+04	2.9305929e+02
4.00554e-05    	(-1.5939935e-03 -8.3569825e-03 7.8696691e-03)	9.9787407e+04	2.9305922e+02
4.01442e-05    	(-1.6578884e-03 -8.5892877e-03 8.0067951e-03)	9.9787540e+04	2.9305925e+02
4.02331e-05    	(-1.7223563e-03 -8.8176170e-03 8.1462905e-03)	9.9787665e+04	2.9305914e+02
4.0322e-05     	(-1.7879436e-03 -9.0458188e-03 8.2881702e-03)	9.9787770e+04	2.9305905e+02
4.04108e-05    	(-1.8540231e-03 -9.2718813e-03 8.4300581e-03)	9.9787893e+04	2.9305925e+02
4.04997e-05    	(-1.9175490e-03 -9.4917940e-03 8.5734290e-03)	9.9788002e+04	2.9305893e+02
4.05886e-05    	(-1.9812737e-03 -9.7075142e-03 8.7181875e-03)	9.9788092e+04	2.9305879e+02
4.06774e-05    	(-2.0449906e-03 -9.9092749e-03 8.8653749e-03)	9.9788214e+04	2.9305866e+02
4.07663e-05    	(-2.1059853e-03 -1.0110685e-02 9.0163925e-03)	9.9788329e+04	2.9305854e+02
4.08552e-05    	(-2.1668857e-03 -1.0312741e-02 9.1673980e-03)	9.9788436e+04	2.9305857e+02
4.0944e-05     	(-2.2304726e-03 -1.0516870e-02 9.3211469e-03)	9.9788574e+04	2.9305855e+02
4.10329e-05    	(-2.2955346e-03 -1.0733432e-02 9.4776926e-03)	9.9788701e+04	2.9305833e+02
4.11218e-05    	(-2.3609206e-03 -1.0950593e-02 9.6321525e-03)	9.9788805e+04	2.9305818e+02
4.12107e-05    	(-2.4289433e-03 -1.1169817e-02 9.7853088e-03)	9.9788910e+04	2.9305832e+02
4.12995e-05    	(-2.4983073e-03 -1.1389486e-02 9.9359238e-03)	9.9789033e+04	2.9305851e+02
4.13884e-05    	(-2.5673959e-03 -1.1605905e-02 1.0082125e-02)	9.9789173e+04	2.9305856e+02
4.14773e-05    	(-2.6353731e-03 -1.1814971e-02 1.0224682e-02)	9.9789310e+04	2.9305863e+02
4.15661e-05    	(-2.7014474e-03 -1.2010294e-02 1.0365086e-02)	9.9789470e+04	2.9305884e+02
4.1655e-05     	(-2.7658778e-03 -1.2200759e-02 1.0502087e-02)	9.9789620e+04	2.9305875e+02
4.17439e-05    	(-2.8304601e-03 -1.2386346e-02 1.0636638e-02)	9.9789761e+04	2.9305859e+02
4.18327e-05    	(-2.8923618e-03 -1.2560943e-02 1.0771049e-02)	9.9789911e+04	2.9305880e+02
4.19216e-05    	(-2.9537466e-03 -1.2726821e-02 1.0904891e-02)	9.9790083e+04	2.9305877e+02
4.20105e-05    	(-3.0130095e-03 -1.2898365e-02 1.1038031e-02)	9.9790244e+04	2.9305878e+02
4.20994e-05    	(-3.0730249e-03 -1.3079161e-02 1.1173278e-02)	9.9790398e+04	2.9305863e+02
4.21882e-05    	(-3.1323809e-03 -1.3269077e-02 1.1309614e-02)	9.9790531e+04	2.9305874e+02
4.22771e-05    	(-3.1904879e-03 -1.3464901e-02 1.1445359e-02)	9.9790655e+04	2.9305859e+02
4.2366e-05     	(-3.2466682e-03 -1.3662513e-02 1.1583161e-02)	9.9790779e+04	2.9305843e+02
4.24549e-05    	(-3.3055794e-03 -1.3864439e-02 1.1718804e-02)	9.9790906e+04	2.9305850e+02
4.25438e-05    	(-3.3641231e-03 -1.4068394e-02 1.1855786e-02)	9.9791035e+04	2.9305833e+02
4.26326e-05    	(-3.4243767e-03 -1.4273629e-02 1.1994262e-02)	9.9791161e+04	2.9305823e+02
4.27215e-05    	(-3.4867463e-03 -1.4479015e-02 1.2132640e-02)	9.9791283e+04	2.9305819e+02
4.28104e-05    	(-3.5486909e-03 -1.4684658e-02 1.2268789e-02)	9.9791410e+04	2.9305821e+02
4.28993e-05    	(-3.6153982e-03 -1.4885345e-02 1.2405757e-02)	9.9791525e+04	2.9305807e+02
4.29882e-05    	(-3.6844514e-03 -1.5077031e-02 1.2541196e-02)	9.9791671e+04	2.9305820e+02
4.30771e-05    	(-3.7543959e-03 -1.5265775e-02 1.2677374e-02)	9.9791823e+04	2.9305839e+02
4.3166e-05     	(-3.8216484e-03 -1.5450359e-02 1.2813763e-02)	9.9791979e+04	2.9305853e+02
4.32549e-05    	(-3.8861640e-03 -1.5625792e-02 1.2952053e-02)	9.9792141e+04	2.9305862e+02
4.33438e-05    	(-3.9500028e-03 -1.5787092e-02 1.3089432e-02)	9.9792326e+04	2.9305881e+02
4.34327e-05    	(-4.0114352e-03 -1.5937591e-02 1.3228915e-02)	9.9792513e+04	2.9305868e+02
4.35216e-05    	(-4.0735531e-03 -1.6087305e-02 1.3369674e-02)	9.9792685e+04	2.9305877e+02
4.36104e-05    	(-4.1318099e-03 -1.6235091e-02 1.3512273e-02)	9.9792849e+04	2.9305863e+02
4.36994e-05    	(-4.1908319e-03 -1.6377888e-02 1.3654447e-02)	9.9793002e+04	2.9305814e+02
4.37883e-05    	(-4.2475282e-03 -1.6523954e-02 1.3801666e-02)	9.9793134e+04	2.9305810e+02
4.38772e-05    	(-4.3040134e-03 -1.6669083e-02 1.3951794e-02)	9.9793269e+04	2.9305818e+02
4.39508e-05    	(-4.3507219e-03 -1.6795815e-02 1.4078546e-02)	9.9793385e+04	2.9305810e+02
4.40246e-05    	(-4.3982985e-03 -1.6925283e-02 1.4204202e-02)	9.9793501e+04	2.9305799e+02
4.40983e-05    	(-4.4452215e-03 -1.7054266e-02 1.4325649e-02)	9.9793612e+04	2.9305798e+02
4.4172e-05     	(-4.4955338e-03 -1.7182809e-02 1.4444872e-02)	9.9793729e+04	2.9305797e+02
4.42457e-05    	(-4.5435605e-03 -1.7308203e-02 1.4562127e-02)	9.9793851e+04	2.9305781e+02
4.43193e-05    	(-4.5954621e-03 -1.7430753e-02 1.4675904e-02)	9.9793970e+04	2.9305780e+02
4.43929e-05    	(-4.6465185e-03 -1.7548993e-02 1.4785464e-02)	9.9794089e+04	2.9305764e+02
4.44666e-05    	(-4.7009870e-03 -1.7664391e-02 1.4897686e-02)	9.9794197e+04	2.9305754e+02
4.45403e-05    	(-4.7572885e-03 -1.7773818e-02 1.5007104e-02)	9.9794313e+04	2.9305752e+02
4.4614e-05     	(-4.8131754e-03 -1.7874089e-02 1.5115299e-02)	9.9794444e+04	2.9305758e+02
4.46877e-05    	(-4.8706014e-03 -1.7973433e-02 1.5223535e-02)	9.9794583e+04	2.9305783e+02
4.47614e-05    	(-4.9293521e-03 -1.8071074e-02 1.5332363e-02)	9.9794742e+04	2.9305823e+02
4.48351e-05    	(-4.9894076e-03 -1.8164908e-02 1.5441826e-02)	9.9794921e+04	2.9305848e+02
4.49088e-05    	(-5.0473978e-03 -1.8251255e-02 1.5550774e-02)	9.9795107e+04	2.9305857e+02
4.49825e-05    	(-5.1049819e-03 -1.8331328e-02 1.5659577e-02)	9.9795294e+04	2.9305864e+02
4.50562e-05    	(-5.1595830e-03 -1.8405445e-02 1.5768267e-02)	9.9795467e+04	2.9305878e+02
4.51299e-05    	(-5.2132895e-03 -1.8470882e-02 1.5878276e-02)	9.9795657e+04	2.9305887e+02
4.52035e-05    	(-5.2654088e-03 -1.8530335e-02 1.5987305e-02)	9.9795858e+04	2.9305901e+02
4.52772e-05    	(-5.3160445e-03 -1.8589697e-02 1.6094068e-02)	9.9796038e+04	2.9305917e+02
4.53509e-05    	(-5.3636139e-03 -1.8650860e-02 1.6203591e-02)	9.9796241e+04	2.9305932e+02
4.54245e-05    	(-5.4103895e-03 -1.8720634e-02 1.6312606e-02)	9.9796435e+04	2.9305941e+02
4.54982e-05    	(-5.4570444e-03 -1.8798646e-02 1.6421498e-02)	9.9796621e+04	2.9305945e+02
4.55719e-05    	(-5.5034877e-03 -1.8882076e-02 1.6529611e-02)	9.9796798e+04	2.9305946e+02
4.56455e-05    	(-5.5492459e-03 -1.8970814e-02 1.6638104e-02)	9.9796965e+04	2.9305944e+02
4.57192e-05    	(-5.5967859e-03 -1.9064638e-02 1.6745301e-02)	9.9797126e+04	2.9305948e+02
4.57929e-05    	(-5.6438568e-03 -1.9164128e-02 1.6851891e-02)	9.9797278e+04	2.9305935e+02
4.58665e-05    	(-5.6906718e-03 -1.9267066e-02 1.6958878e-02)	9.9797418e+04	2.9305917e+02
4.59402e-05    	(-5.7382003e-03 -1.9367626e-02 1.7063414e-02)	9.9797549e+04	2.9305921e+02
4.60139e-05    	(-5.7853120e-03 -1.9464083e-02 1.7166911e-02)	9.9797685e+04	2.9305894e+02
4.60875e-05    	(-5.8341798e-03 -1.9555243e-02 1.7267412e-02)	9.9797792e+04	2.9305875e+02
4.61612e-05    	(-5.8837818e-03 -1.9641604e-02 1.7366083e-02)	9.9797915e+04	2.9305874e+02
4.62349e-05    	(-5.9359532e-03 -1.9727405e-02 1.7463604e-02)	9.9798051e+04	2.9305863e+02
4.63085e-05    	(-5.9885784e-03 -1.9807764e-02 1.7562002e-02)	9.9798184e+04	2.9305861e+02
4.63822e-05    	(-6.0421074e-03 -1.9887010e-02 1.7659954e-02)	9.9798318e+04	2.9305864e+02
4.64559e-05    	(-6.0943056e-03 -1.9960599e-02 1.7757780e-02)	9.9798470e+04	2.9305871e+02
4.65295e-05    	(-6.1473470e-03 -2.0029996e-02 1.7857881e-02)	9.9798625e+04	2.9305875e+02
4.66032e-05    	(-6.2009687e-03 -2.0091117e-02 1.7958541e-02)	9.9798788e+04	2.9305857e+02
4.66769e-05    	(-6.2520692e-03 -2.0142955e-02 1.8061767e-02)	9.9798948e+04	2.9305870e+02
4.67506e-05    	(-6.3018464e-03 -2.0186489e-02 1.8166425e-02)	9.9799090e+04	2.9305879e+02
4.68243e-05    	(-6.3503515e-03 -2.0217267e-02 1.8272181e-02)	9.9799269e+04	2.9305886e+02
4.68979e-05    	(-6.3964984e-03 -2.0240608e-02 1.8380976e-02)	9.9799465e+04	2.9305917e+02
4.69716e-05    	(-6.4448362e-03 -2.0260361e-02 1.8491695e-02)	9.9799667e+04	2.9305926e+02
4.70453e-05    	(-6.4931396e-03 -2.0275513e-02 1.8603350e-02)	9.9799875e+04	2.9305955e+02
4.7119e-05     	(-6.5416462e-03 -2.0289369e-02 1.8718612e-02)	9.9800075e+04	2.9305964e+02
4.71927e-05    	(-6.5883828e-03 -2.0297726e-02 1.8834319e-02)	9.9800288e+04	2.9305979e+02
4.72664e-05    	(-6.6352339e-03 -2.0301892e-02 1.8950957e-02)	9.9800512e+04	2.9305993e+02
4.73401e-05    	(-6.6810373e-03 -2.0310865e-02 1.9066350e-02)	9.9800728e+04	2.9305982e+02
4.74138e-05    	(-6.7270723e-03 -2.0321507e-02 1.9178297e-02)	9.9800928e+04	2.9305997e+02
4.74875e-05    	(-6.7743413e-03 -2.0336906e-02 1.9289225e-02)	9.9801113e+04	2.9305983e+02
4.75611e-05    	(-6.8186145e-03 -2.0356326e-02 1.9399727e-02)	9.9801289e+04	2.9305957e+02
4.76348e-05    	(-6.8640444e-03 -2.0377518e-02 1.9507206e-02)	9.9801458e+04	2.9305960e+02
4.77085e-05    	(-6.9066222e-03 -2.0405177e-02 1.9612664e-02)	9.9801629e+04	2.9305963e+02
4.77822e-05    	(-6.9493725e-03 -2.0439054e-02 1.9712076e-02)	9.9801797e+04	2.9305943e+02
4.78559e-05    	(-6.9929207e-03 -2.0475174e-02 1.9805549e-02)	9.9801961e+04	2.9305974e+02
4.79296e-05    	(-7.0354035e-03 -2.0514688e-02 1.9894737e-02)	9.9802129e+04	2.9305977e+02
4.80033e-05    	(-7.0771865e-03 -2.0552387e-02 1.9981027e-02)	9.9802303e+04	2.9305971e+02
4.8077e-05     	(-7.1200464e-03 -2.0584163e-02 2.0062266e-02)	9.9802472e+04	2.9305978e+02
4.81507e-05    	(-7.1581809e-03 -2.0611431e-02 2.0136986e-02)	9.9802648e+04	2.9305983e+02
4.82245e-05    	(-7.1966146e-03 -2.0633516e-02 2.0208756e-02)	9.9802832e+04	2.9305966e+02
4.82982e-05    	(-7.2344333e-03 -2.0654362e-02 2.0279424e-02)	9.9803012e+04	2.9305998e+02
4.83719e-05    	(-7.2722513e-03 -2.0671163e-02 2.0348394e-02)	9.9803213e+04	2.9306023e+02
4.84456e-05    	(-7.3095106e-03 -2.0689470e-02 2.0417841e-02)	9.9803420e+04	2.9306046e+02
4.85193e-05    	(-7.3464606e-03 -2.0705905e-02 2.0486809e-02)	9.9803636e+04	2.9306053e+02
4.8593e-05     	(-7.3847879e-03 -2.0717379e-02 2.0556527e-02)	9.9803855e+04	2.9306054e+02
4.86667e-05    	(-7.4217716e-03 -2.0726685e-02 2.0628155e-02)	9.9804068e+04	2.9306071e+02
4.87404e-05    	(-7.4604149e-03 -2.0734618e-02 2.0700464e-02)	9.9804278e+04	2.9306077e+02
4.88141e-05    	(-7.4995056e-03 -2.0741553e-02 2.0774426e-02)	9.9804489e+04	2.9306091e+02
4.88879e-05    	(-7.5381572e-03 -2.0745413e-02 2.0847983e-02)	9.9804704e+04	2.9306084e+02
4.89616e-05    	(-7.5796067e-03 -2.0748119e-02 2.0924373e-02)	9.9804912e+04	2.9306085e+02
4.90353e-05    	(-7.6215879e-03 -2.0748699e-02 2.0998760e-02)	9.9805111e+04	2.9306090e+02
4.91091e-05    	(-7.6647579e-03 -2.0751764e-02 2.1077938e-02)	9.9805310e+04	2.9306086e+02
4.91828e-05    	(-7.7069178e-03 -2.0755677e-02 2.1158857e-02)	9.9805502e+04	2.9306097e+02
4.92565e-05    	(-7.7468810e-03 -2.0760492e-02 2.1240168e-02)	9.9805700e+04	2.9306089e+02
4.93302e-05    	(-7.7891639e-03 -2.0764884e-02 2.1322346e-02)	9.9805886e+04	2.9306087e+02
4.9404e-05     	(-7.8267295e-03 -2.0767314e-02 2.1403165e-02)	9.9806062e+04	2.9306062e+02
4.94777e-05    	(-7.8664028e-03 -2.0765425e-02 2.1484930e-02)	9.9806240e+04	2.9306073e+02
4.95514e-05    	(-7.9049053e-03 -2.0765772e-02 2.1566472e-02)	9.9806417e+04	2.9306064e+02
4.96251e-05    	(-7.9408238e-03 -2.0767023e-02 2.1649344e-02)	9.9806578e+04	2.9306057e+02
4.96988e-05    	(-7.9763141e-03 -2.0761561e-02 2.1726693e-02)	9.9806739e+04	2.9306053e+02
4.97726e-05    	(-8.0145389e-03 -2.0745963e-02 2.1806412e-02)	9.9806928e+04	2.9306065e+02
4.98464e-05    	(-8.0489437e-03 -2.0720290e-02 2.1879454e-02)	9.9807135e+04	2.9306097e+02
4.99201e-05    	(-8.0853671e-03 -2.0690373e-02 2.1950203e-02)	9.9807358e+04	2.9306123e+02
4.99938e-05    	(-8.1192952e-03 -2.0655763e-02 2.2015978e-02)	9.9807596e+04	2.9306129e+02
5.00675e-05    	(-8.1532051e-03 -2.0615425e-02 2.2076607e-02)	9.9807834e+04	2.9306151e+02
5.01413e-05    	(-8.1846529e-03 -2.0567680e-02 2.2135343e-02)	9.9808059e+04	2.9306151e+02
5.0215e-05     	(-8.2162003e-03 -2.0515606e-02 2.2188628e-02)	9.9808289e+04	2.9306158e+02
5.02888e-05    	(-8.2455913e-03 -2.0460629e-02 2.2240184e-02)	9.9808523e+04	2.9306156e+02
5.03625e-05    	(-8.2745146e-03 -2.0404417e-02 2.2289969e-02)	9.9808745e+04	2.9306157e+02
5.04362e-05    	(-8.3024594e-03 -2.0349228e-02 2.2341126e-02)	9.9808969e+04	2.9306172e+02
5.05099e-05    	(-8.3316918e-03 -2.0294340e-02 2.2389475e-02)	9.9809201e+04	2.9306184e+02
5.05837e-05    	(-8.3580369e-03 -2.0242992e-02 2.2438547e-02)	9.9809439e+04	2.9306217e+02
5.06575e-05    	(-8.3868791e-03 -2.0195579e-02 2.2486931e-02)	9.9809690e+04	2.9306233e+02
5.07312e-05    	(-8.4152952e-03 -2.0149414e-02 2.2538119e-02)	9.9809933e+04	2.9306230e+02
5.08049e-05    	(-8.4436893e-03 -2.0101251e-02 2.2589385e-02)	9.9810166e+04	2.9306244e+02
5.08787e-05    	(-8.4720115e-03 -2.0051754e-02 2.2642038e-02)	9.9810413e+04	2.9306252e+02
5.09524e-05    	(-8.5015621e-03 -2.0004385e-02 2.2694337e-02)	9.9810661e+04	2.9306285e+02
5.10262e-05    	(-8.5306240e-03 -1.9958616e-02 2.2746976e-02)	9.9810915e+04	2.9306287e+02
5.10999e-05    	(-8.5598359e-03 -1.9915180e-02 2.2798282e-02)	9.9811160e+04	2.9306284e+02
5.11737e-05    	(-8.5865530e-03 -1.9872377e-02 2.2848736e-02)	9.9811380e+04	2.9306292e+02
5.12474e-05    	(-8.6146739e-03 -1.9829581e-02 2.2897870e-02)	9.9811610e+04	2.9306289e+02
5.13212e-05    	(-8.6428926e-03 -1.9785423e-02 2.2944892e-02)	9.9811848e+04	2.9306295e+02
5.1395e-05     	(-8.6697123e-03 -1.9744502e-02 2.2991046e-02)	9.9812082e+04	2.9306292e+02
5.14687e-05    	(-8.6982878e-03 -1.9705354e-02 2.3037308e-02)	9.9812314e+04	2.9306317e+02
5.15424e-05    	(-8.7246290e-03 -1.9666839e-02 2.3081649e-02)	9.9812542e+04	2.9306322e+02
5.16162e-05    	(-8.7510993e-03 -1.9626006e-02 2.3122551e-02)	9.9812764e+04	2.9306328e+02
5.16899e-05    	(-8.7761809e-03 -1.9576278e-02 2.3161867e-02)	9.9813014e+04	2.9306352e+02
5.17637e-05    	(-8.8009285e-03 -1.9525792e-02 2.3201404e-02)	9.9813268e+04	2.9306355e+02
5.18375e-05    	(-8.8242016e-03 -1.9472972e-02 2.3237011e-02)	9.9813515e+04	2.9306382e+02
5.19112e-05    	(-8.8473788e-03 -1.9415718e-02 2.3274238e-02)	9.9813776e+04	2.9306384e+02
5.1985e-05     	(-8.8711726e-03 -1.9351970e-02 2.3308235e-02)	9.9814036e+04	2.9306396e+02
5.20587e-05    	(-8.8948565e-03 -1.9285033e-02 2.3341264e-02)	9.9814291e+04	2.9306388e+02
5.21325e-05    	(-8.9193513e-03 -1.9215661e-02 2.3371614e-02)	9.9814542e+04	2.9306384e+02
5.22062e-05    	(-8.9422063e-03 -1.9142954e-02 2.3403593e-02)	9.9814780e+04	2.9306373e+02
5.228e-05      	(-8.9674563e-03 -1.9069453e-02 2.3433276e-02)	9.9815005e+04	2.9306371e+02
5.23538e-05    	(-8.9899454e-03 -1.8993894e-02 2.3467067e-02)	9.9815214e+04	2.9306334e+02
5.24276e-05    	(-9.0141349e-03 -1.8915445e-02 2.3498632e-02)	9.9815408e+04	2.9306321e+02
5.25013e-05    	(-9.0350937e-03 -1.8834177e-02 2.3534288e-02)	9.9815617e+04	2.9306338e+02
5.25751e-05    	(-9.0561860e-03 -1.8754074e-02 2.3569750e-02)	9.9815840e+04	2.9306345e+02
5.26488e-05    	(-9.0760644e-03 -1.8673972e-02 2.3610970e-02)	9.9816069e+04	2.9306331e+02
5.27226e-05    	(-9.0952879e-03 -1.8590117e-02 2.3649251e-02)	9.9816297e+04	2.9306350e+02
5.27964e-05    	(-9.1161475e-03 -1.8503667e-02 2.3694051e-02)	9.9816532e+04	2.9306369e+02
5.28702e-05    	(-9.1359480e-03 -1.8409546e-02 2.3734553e-02)	9.9816780e+04	2.9306368e+02
5.29439e-05    	(-9.1547429e-03 -1.8310339e-02 2.3777287e-02)	9.9817036e+04	2.9306395e+02
5.30177e-05    	(-9.1750754e-03 -1.8204037e-02 2.3817172e-02)	9.9817320e+04	2.9306422e+02
5.30915e-05    	(-9.1951519e-03 -1.8092467e-02 2.3856894e-02)	9.9817608e+04	2.9306420e+02
5.31652e-05    	(-9.2160738e-03 -1.7975549e-02 2.3893921e-02)	9.9817883e+04	2.9306414e+02
5.3239e-05     	(-9.2340460e-03 -1.7857093e-02 2.3927341e-02)	9.9818155e+04	2.9306428e+02
5.33128e-05    	(-9.2537422e-03 -1.7739158e-02 2.3958382e-02)	9.9818431e+04	2.9306440e+02
5.33866e-05    	(-9.2685474e-03 -1.7621789e-02 2.3985433e-02)	9.9818705e+04	2.9306440e+02
5.34604e-05    	(-9.2884264e-03 -1.7504003e-02 2.4010627e-02)	9.9818980e+04	2.9306461e+02
5.35342e-05    	(-9.3032894e-03 -1.7387779e-02 2.4029977e-02)	9.9819263e+04	2.9306479e+02
5.36079e-05    	(-9.3207014e-03 -1.7274412e-02 2.4048838e-02)	9.9819547e+04	2.9306488e+02
5.36817e-05    	(-9.3345867e-03 -1.7164199e-02 2.4063460e-02)	9.9819827e+04	2.9306490e+02
5.37555e-05    	(-9.3486767e-03 -1.7054848e-02 2.4075707e-02)	9.9820105e+04	2.9306508e+02
5.38292e-05    	(-9.3619710e-03 -1.6953556e-02 2.4086951e-02)	9.9820387e+04	2.9306522e+02
5.3903e-05     	(-9.3733965e-03 -1.6854587e-02 2.4094902e-02)	9.9820665e+04	2.9306526e+02
5.39768e-05    	(-9.3854956e-03 -1.6759734e-02 2.4101121e-02)	9.9820922e+04	2.9306526e+02
5.40506e-05    	(-9.3965344e-03 -1.6661287e-02 2.4105031e-02)	9.9821186e+04	2.9306523e+02
5.41244e-05    	(-9.4092661e-03 -1.6566314e-02 2.4113439e-02)	9.9821455e+04	2.9306529e+02
5.41982e-05    	(-9.4198060e-03 -1.6475134e-02 2.4119326e-02)	9.9821721e+04	2.9306500e+02
5.42719e-05    	(-9.4313591e-03 -1.6383118e-02 2.4126848e-02)	9.9821971e+04	2.9306502e+02
5.43457e-05    	(-9.4394554e-03 -1.6295618e-02 2.4132694e-02)	9.9822207e+04	2.9306494e+02
5.44195e-05    	(-9.4488209e-03 -1.6210632e-02 2.4138883e-02)	9.9822435e+04	2.9306489e+02
5.44933e-05    	(-9.4569145e-03 -1.6127249e-02 2.4146270e-02)	9.9822670e+04	2.9306504e+02
5.45671e-05    	(-9.4649205e-03 -1.6046904e-02 2.4155194e-02)	9.9822908e+04	2.9306496e+02
5.46409e-05    	(-9.4721974e-03 -1.5964969e-02 2.4163515e-02)	9.9823156e+04	2.9306515e+02
5.47147e-05    	(-9.4790460e-03 -1.5881323e-02 2.4171755e-02)	9.9823414e+04	2.9306518e+02
5.47885e-05    	(-9.4851801e-03 -1.5791772e-02 2.4181693e-02)	9.9823672e+04	2.9306506e+02
5.48623e-05    	(-9.4945867e-03 -1.5694581e-02 2.4189813e-02)	9.9823922e+04	2.9306505e+02
5.4936e-05     	(-9.5021042e-03 -1.5593441e-02 2.4199538e-02)	9.9824177e+04	2.9306522e+02
5.50098e-05    	(-9.5104636e-03 -1.5486128e-02 2.4210028e-02)	9.9824454e+04	2.9306532e+02
5.50836e-05    	(-9.5203131e-03 -1.5377335e-02 2.4219790e-02)	9.9824718e+04	2.9306497e+02
5.51574e-05    	(-9.5273736e-03 -1.5262868e-02 2.4230296e-02)	9.9824958e+04	2.9306500e+02
5.52312e-05    	(-9.5381005e-03 -1.5140691e-02 2.4237986e-02)	9.9825218e+04	2.9306497e+02
5.5305e-05     	(-9.5489990e-03 -1.5018381e-02 2.4246601e-02)	9.9825485e+04	2.9306497e+02
5.53788e-05    	(-9.5595436e-03 -1.4893510e-02 2.4251688e-02)	9.9825750e+04	2.9306483e+02
5.54526e-05    	(-9.5732071e-03 -1.4768667e-02 2.4255079e-02)	9.9826012e+04	2.9306495e+02
5.55264e-05    	(-9.5835198e-03 -1.4643001e-02 2.4260839e-02)	9.9826274e+04	2.9306492e+02
5.56002e-05    	(-9.5966460e-03 -1.4518883e-02 2.4262862e-02)	9.9826529e+04	2.9306486e+02
5.5674e-05     	(-9.6067694e-03 -1.4389715e-02 2.4265653e-02)	9.9826768e+04	2.9306462e+02
5.57478e-05    	(-9.6159129e-03 -1.4250750e-02 2.4264735e-02)	9.9827026e+04	2.9306470e+02
5.58216e-05    	(-9.6262173e-03 -1.4108551e-02 2.4266811e-02)	9.9827305e+04	2.9306483e+02
5.58954e-05    	(-9.6345392e-03 -1.3968574e-02 2.4266824e-02)	9.9827593e+04	2.9306499e+02
5.59692e-05    	(-9.6434074e-03 -1.3833117e-02 2.4265594e-02)	9.9827884e+04	2.9306500e+02
5.6043e-05     	(-9.6511409e-03 -1.3699976e-02 2.4263221e-02)	9.9828164e+04	2.9306489e+02
5.61167e-05    	(-9.6574141e-03 -1.3568443e-02 2.4259090e-02)	9.9828438e+04	2.9306489e+02
5.61905e-05    	(-9.6649257e-03 -1.3437281e-02 2.4257712e-02)	9.9828709e+04	2.9306480e+02
5.62643e-05    	(-9.6693793e-03 -1.3308181e-02 2.4255633e-02)	9.9828979e+04	2.9306493e+02
5.63381e-05    	(-9.6730279e-03 -1.3182001e-02 2.4253805e-02)	9.9829246e+04	2.9306478e+02
5.64119e-05    	(-9.6754846e-03 -1.3055211e-02 2.4250034e-02)	9.9829515e+04	2.9306474e+02
5.64857e-05    	(-9.6765425e-03 -1.2926878e-02 2.4242837e-02)	9.9829784e+04	2.9306474e+02
5.65595e-05    	(-9.6764467e-03 -1.2800002e-02 2.4237725e-02)	9.9830051e+04	2.9306474e+02
5.66333e-05    	(-9.6729035e-03 -1.2676201e-02 2.4232720e-02)	9.9830325e+04	2.9306485e+02
5.67071e-05    	(-9.6706880e-03 -1.2553185e-02 2.4224437e-02)	9.9830601e+04	2.9306480e+02
5.67809e-05    	(-9.6664331e-03 -1.2431613e-02 2.4217439e-02)	9.9830877e+04	2.9306489e+02
5.68547e-05    	(-9.6622232e-03 -1.2309087e-02 2.4208220e-02)	9.9831153e+04	2.9306479e+02
5.69284e-05    	(-9.6585486e-03 -1.2187628e-02 2.4198919e-02)	9.9831428e+04	2.9306471e+02
5.70022e-05    	(-9.6547823e-03 -1.2064535e-02 2.4188792e-02)	9.9831692e+04	2.9306460e+02
5.7076e-05     	(-9.6528202e-03 -1.1941744e-02 2.4175753e-02)	9.9831959e+04	2.9306463e+02
5.71497e-05    	(-9.6545686e-03 -1.1817093e-02 2.4162420e-02)	9.9832231e+04	2.9306460e+02
5.72235e-05    	(-9.6558847e-03 -1.1695834e-02 2.4149129e-02)	9.9832499e+04	2.9306451e+02
5.72973e-05    	(-9.6603589e-03 -1.1577072e-02 2.4131013e-02)	9.9832757e+04	2.9306433e+02
5.73711e-05    	(-9.6641792e-03 -1.1457202e-02 2.4115138e-02)	9.9833018e+04	2.9306431e+02
5.74449e-05    	(-9.6714387e-03 -1.1335460e-02 2.4093263e-02)	9.9833274e+04	2.9306412e+02
5.75187e-05    	(-9.6785959e-03 -1.1213102e-02 2.4071368e-02)	9.9833525e+04	2.9306398e+02
5.75924e-05    	(-9.6832756e-03 -1.1090207e-02 2.4048025e-02)	9.9833769e+04	2.9306388e+02
5.76662e-05    	(-9.6880482e-03 -1.0966590e-02 2.4022140e-02)	9.9834019e+04	2.9306382e+02
5.77399e-05    	(-9.6959290e-03 -1.0841209e-02 2.3993526e-02)	9.9834264e+04	2.9306381e+02
5.78137e-05    	(-9.6969155e-03 -1.0714785e-02 2.3962125e-02)	9.9834515e+04	2.9306369e+02
5.78875e-05    	(-9.7039012e-03 -1.0578382e-02 2.3933425e-02)	9.9834789e+04	2.9306367e+02
5.79612e-05    	(-9.7030867e-03 -1.0437166e-02 2.3904499e-02)	9.9835073e+04	2.9306366e+02
5.8035e-05     	(-9.7079599e-03 -1.0298406e-02 2.3877364e-02)	9.9835348e+04	2.9306352e+02
5.81087e-05    	(-9.7085265e-03 -1.0163421e-02 2.3848972e-02)	9.9835624e+04	2.9306363e+02
5.81824e-05    	(-9.7071410e-03 -1.0026418e-02 2.3822741e-02)	9.9835902e+04	2.9306356e+02
5.82562e-05    	(-9.7044952e-03 -9.8895183e-03 2.3797598e-02)	9.9836172e+04	2.9306345e+02
5.83299e-05    	(-9.6971523e-03 -9.7498672e-03 2.3775566e-02)	9.9836450e+04	2.9306343e+02
5.84037e-05    	(-9.6911535e-03 -9.6096121e-03 2.3754490e-02)	9.9836720e+04	2.9306332e+02
5.84774e-05    	(-9.6818439e-03 -9.4702545e-03 2.3734268e-02)	9.9836993e+04	2.9306344e+02
5.85511e-05    	(-9.6742518e-03 -9.3305709e-03 2.3713588e-02)	9.9837271e+04	2.9306340e+02
5.86248e-05    	(-9.6644027e-03 -9.1905080e-03 2.3690865e-02)	9.9837538e+04	2.9306307e+02
5.86986e-05    	(-9.6526207e-03 -9.0475368e-03 2.3668239e-02)	9.9837814e+04	2.9306311e+02
5.87723e-05    	(-9.6443606e-03 -8.9044005e-03 2.3641726e-02)	9.9838090e+04	2.9306307e+02
5.88461e-05    	(-9.6358599e-03 -8.7680326e-03 2.3618214e-02)	9.9838360e+04	2.9306301e+02
5.89197e-05    	(-9.6309422e-03 -8.6359516e-03 2.3591829e-02)	9.9838632e+04	2.9306307e+02
5.89934e-05    	(-9.6257749e-03 -8.5042021e-03 2.3561753e-02)	9.9838899e+04	2.9306297e+02
5.90671e-05    	(-9.6180116e-03 -8.3723150e-03 2.3529909e-02)	9.9839170e+04	2.9306277e+02
5.91409e-05    	(-9.6157755e-03 -8.2409676e-03 2.3498402e-02)	9.9839436e+04	2.9306259e+02
5.92146e-05    	(-9.6103153e-03 -8.1110366e-03 2.3465361e-02)	9.9839686e+04	2.9306231e+02
5.92883e-05    	(-9.6068559e-03 -7.9814997e-03 2.3432376e-02)	9.9839922e+04	2.9306203e+02
5.9362e-05     	(-9.6045793e-03 -7.8498625e-03 2.3400587e-02)	9.9840150e+04	2.9306178e+02
5.94357e-05    	(-9.6014414e-03 -7.7174575e-03 2.3370277e-02)	9.9840371e+04	2.9306151e+02
5.95094e-05    	(-9.5986257e-03 -7.5856735e-03 2.3340484e-02)	9.9840595e+04	2.9306149e+02
5.95831e-05    	(-9.5963484e-03 -7.4535486e-03 2.3307516e-02)	9.9840828e+04	2.9306132e+02
5.96568e-05    	(-9.5913893e-03 -7.3210058e-03 2.3270929e-02)	9.9841055e+04	2.9306109e+02
5.97305e-05    	(-9.5841846e-03 -7.1842810e-03 2.3231996e-02)	9.9841267e+04	2.9306079e+02
5.98042e-05    	(-9.5753702e-03 -7.0392494e-03 2.3190915e-02)	9.9841489e+04	2.9306070e+02
5.98779e-05    	(-9.5671544e-03 -6.8834623e-03 2.3149667e-02)	9.9841740e+04	2.9306069e+02
5.99515e-05    	(-9.5566377e-03 -6.7269229e-03 2.3107687e-02)	9.9842007e+04	2.9306079e+02
6.00252e-05    	(-9.5489035e-03 -6.5688380e-03 2.3067816e-02)	9.9842281e+04	2.9306076e+02
6.00989e-05    	(-9.5372700e-03 -6.4122143e-03 2.3026616e-02)	9.9842558e+04	2.9306072e+02
6.01725e-05    	(-9.5262228e-03 -6.2505575e-03 2.2985396e-02)	9.9842835e+04	2.9306076e+02
6.02462e-05    	(-9.5131519e-03 -6.0877437e-03 2.2945107e-02)	9.9843118e+04	2.9306083e+02
6.03198e-05    	(-9.4988588e-03 -5.9249807e-03 2.2903993e-02)	9.9843414e+04	2.9306087e+02
6.03935e-05    	(-9.4835770e-03 -5.7598811e-03 2.2860807e-02)	9.9843713e+04	2.9306098e+02
6.04672e-05    	(-9.4666443e-03 -5.5970046e-03 2.2818194e-02)	9.9844007e+04	2.9306087e+02
6.05408e-05    	(-9.4493527e-03 -5.4349250e-03 2.2774255e-02)	9.9844285e+04	2.9306068e+02
6.06145e-05    	(-9.4313993e-03 -5.2731575e-03 2.2728697e-02)	9.9844562e+04	2.9306063e+02
6.06881e-05    	(-9.4128302e-03 -5.1197213e-03 2.2684402e-02)	9.9844829e+04	2.9306044e+02
6.07618e-05    	(-9.3948590e-03 -4.9721263e-03 2.2637380e-02)	9.9845089e+04	2.9306025e+02
6.08354e-05    	(-9.3769830e-03 -4.8299245e-03 2.2591105e-02)	9.9845345e+04	2.9306027e+02
6.0909e-05     	(-9.3585944e-03 -4.6947675e-03 2.2543793e-02)	9.9845595e+04	2.9305996e+02
6.09827e-05    	(-9.3463333e-03 -4.5652859e-03 2.2494617e-02)	9.9845841e+04	2.9305978e+02
6.10563e-05    	(-9.3313099e-03 -4.4409214e-03 2.2445767e-02)	9.9846075e+04	2.9305964e+02
6.11299e-05    	(-9.3227972e-03 -4.3218355e-03 2.2397924e-02)	9.9846308e+04	2.9305943e+02
6.12035e-05    	(-9.3123600e-03 -4.2055105e-03 2.2352048e-02)	9.9846533e+04	2.9305927e+02
6.12771e-05    	(-9.3044533e-03 -4.0920969e-03 2.2307080e-02)	9.9846758e+04	2.9305920e+02
6.13506e-05    	(-9.2958357e-03 -3.9811609e-03 2.2263687e-02)	9.9846994e+04	2.9305917e+02
6.14242e-05    	(-9.2874037e-03 -3.8698714e-03 2.2214606e-02)	9.9847218e+04	2.9305894e+02
6.14978e-05    	(-9.2780865e-03 -3.7545867e-03 2.2167667e-02)	9.9847445e+04	2.9305882e+02
6.15713e-05    	(-9.2673569e-03 -3.6355778e-03 2.2117314e-02)	9.9847678e+04	2.9305850e+02
6.16449e-05    	(-9.2586409e-03 -3.5134188e-03 2.2066532e-02)	9.9847895e+04	2.9305841e+02
6.17185e-05    	(-9.2466872e-03 -3.3894172e-03 2.2014600e-02)	9.9848119e+04	2.9305834e+02
6.1792e-05     	(-9.2364243e-03 -3.2595836e-03 2.1960397e-02)	9.9848351e+04	2.9305815e+02
6.18656e-05    	(-9.2220371e-03 -3.1245362e-03 2.1906117e-02)	9.9848580e+04	2.9305802e+02
6.19391e-05    	(-9.2070657e-03 -2.9859643e-03 2.1848909e-02)	9.9848796e+04	2.9305791e+02
6.20126e-05    	(-9.1926297e-03 -2.8416787e-03 2.1792487e-02)	9.9849030e+04	2.9305782e+02
6.20862e-05    	(-9.1736158e-03 -2.6856229e-03 2.1738453e-02)	9.9849288e+04	2.9305798e+02
6.21597e-05    	(-9.1549852e-03 -2.5308339e-03 2.1681325e-02)	9.9849555e+04	2.9305785e+02
6.22332e-05    	(-9.1379930e-03 -2.3738238e-03 2.1627660e-02)	9.9849820e+04	2.9305786e+02
6.23068e-05    	(-9.1150207e-03 -2.2195195e-03 2.1570758e-02)	9.9850078e+04	2.9305766e+02
6.23803e-05    	(-9.0939267e-03 -2.0644617e-03 2.1516496e-02)	9.9850329e+04	2.9305771e+02
6.24538e-05    	(-9.0722116e-03 -1.9147764e-03 2.1463455e-02)	9.9850577e+04	2.9305745e+02
6.25273e-05    	(-9.0485613e-03 -1.7666088e-03 2.1410805e-02)	9.9850816e+04	2.9305732e+02
6.26008e-05    	(-9.0287704e-03 -1.6218638e-03 2.1361000e-02)	9.9851053e+04	2.9305731e+02
6.26743e-05    	(-9.0056703e-03 -1.4800927e-03 2.1311331e-02)	9.9851291e+04	2.9305726e+02
6.27478e-05    	(-8.9869563e-03 -1.3416730e-03 2.1264916e-02)	9.9851527e+04	2.9305710e+02
6.28213e-05    	(-8.9702773e-03 -1.2030382e-03 2.1215847e-02)	9.9851761e+04	2.9305705e+02
