# Region type : patch wOutlet
# Faces  :     464
# Area   :     7.8470564e-05
# Time         	sum(phi)
0              	0.0000000e+00
4.57971e-07    	2.7663680e-08
8.33602e-07    	3.0914246e-08
1.20923e-06    	2.9957980e-08
1.58486e-06    	2.8488197e-08
1.96049e-06    	2.7224051e-08
2.33612e-06    	2.6449965e-08
2.71175e-06    	2.6151811e-08
3.08738e-06    	2.6212014e-08
3.46301e-06    	2.6511522e-08
3.83864e-06    	2.6932571e-08
4.21427e-06    	2.7388334e-08
4.5899e-06     	2.7844711e-08
4.96553e-06    	2.8306683e-08
5.34117e-06    	2.8772276e-08
5.7168e-06     	2.9238368e-08
6.09243e-06    	2.9708363e-08
6.46806e-06    	3.0185331e-08
6.84369e-06    	3.0672615e-08
7.21932e-06    	3.1170448e-08
7.59495e-06    	3.1677824e-08
7.97058e-06    	3.2192067e-08
8.34621e-06    	3.2711367e-08
8.72184e-06    	3.3237181e-08
9.09747e-06    	3.3770356e-08
9.4731e-06     	3.4310581e-08
9.84873e-06    	3.4857360e-08
1.02244e-05    	3.5410109e-08
1.06e-05       	3.5968405e-08
1.09756e-05    	3.6531117e-08
1.13512e-05    	3.7096472e-08
1.17269e-05    	3.7662916e-08
1.21025e-05    	3.8229442e-08
1.24781e-05    	3.8795378e-08
1.28538e-05    	3.9360348e-08
1.32294e-05    	3.9924068e-08
1.3605e-05     	4.0486432e-08
1.39807e-05    	4.1046257e-08
1.43563e-05    	4.1604306e-08
1.47319e-05    	4.2161606e-08
1.51076e-05    	4.2718757e-08
1.54832e-05    	4.3275789e-08
1.58588e-05    	4.3832627e-08
1.62344e-05    	4.4389171e-08
1.66101e-05    	4.4945389e-08
1.69857e-05    	4.5501369e-08
1.73613e-05    	4.6057259e-08
1.7737e-05     	4.6613246e-08
1.81126e-05    	4.7169473e-08
1.84882e-05    	4.7725889e-08
1.88639e-05    	4.8282501e-08
1.92395e-05    	4.8839129e-08
1.96151e-05    	4.9395680e-08
1.99907e-05    	4.9952111e-08
2.03664e-05    	5.0508299e-08
2.0742e-05     	5.1064086e-08
2.11176e-05    	5.1619290e-08
2.14933e-05    	5.2173845e-08
2.18689e-05    	5.2727822e-08
2.22445e-05    	5.3281164e-08
2.26202e-05    	5.3833836e-08
2.29958e-05    	5.4386047e-08
2.33714e-05    	5.4937878e-08
2.3747e-05     	5.5489336e-08
2.41227e-05    	5.6040439e-08
2.44983e-05    	5.6591054e-08
2.48739e-05    	5.7140971e-08
2.52496e-05    	5.7690023e-08
2.56252e-05    	5.8238063e-08
2.60008e-05    	5.8784941e-08
2.63765e-05    	5.9330520e-08
2.67521e-05    	5.9874896e-08
2.71277e-05    	6.0418534e-08
2.75034e-05    	6.0961790e-08
2.7879e-05     	6.1504681e-08
2.82546e-05    	6.2047040e-08
2.86302e-05    	6.2588437e-08
2.90059e-05    	6.3128712e-08
2.93815e-05    	6.3668162e-08
2.97571e-05    	6.4206816e-08
3.01328e-05    	6.4744575e-08
3.05084e-05    	6.5281330e-08
3.0884e-05     	6.5816985e-08
3.12597e-05    	6.6351393e-08
3.16353e-05    	6.6884465e-08
3.20109e-05    	6.7416026e-08
3.23865e-05    	6.7945819e-08
3.27622e-05    	6.8473535e-08
3.31378e-05    	6.8998872e-08
3.35134e-05    	6.9521572e-08
3.38891e-05    	7.0041241e-08
3.42647e-05    	7.0557363e-08
3.46403e-05    	7.1069404e-08
3.5016e-05     	7.1576877e-08
3.53916e-05    	7.2079261e-08
3.57672e-05    	7.2575662e-08
3.61428e-05    	7.3064550e-08
3.65185e-05    	7.3544134e-08
3.68941e-05    	7.4012482e-08
3.72697e-05    	7.4467667e-08
3.76454e-05    	7.4907702e-08
3.8021e-05     	7.5330615e-08
3.83966e-05    	7.5734486e-08
3.87723e-05    	7.6117529e-08
3.91479e-05    	7.6477754e-08
3.95235e-05    	7.6813848e-08
3.98992e-05    	7.7124660e-08
4.02748e-05    	7.7408295e-08
4.06504e-05    	7.7663832e-08
4.1026e-05     	7.7891318e-08
4.14017e-05    	7.8090805e-08
4.17773e-05    	7.8261921e-08
4.21529e-05    	7.8404937e-08
4.25286e-05    	7.8521093e-08
4.29042e-05    	7.8611802e-08
4.32798e-05    	7.8678683e-08
4.36555e-05    	7.8723325e-08
4.40311e-05    	7.8747430e-08
4.44067e-05    	7.8753015e-08
4.47823e-05    	7.8742182e-08
4.5158e-05     	7.8717028e-08
4.55336e-05    	7.8679800e-08
4.59092e-05    	7.8632634e-08
4.62849e-05    	7.8577494e-08
4.66605e-05    	7.8516142e-08
4.70361e-05    	7.8450141e-08
4.74118e-05    	7.8380897e-08
4.77874e-05    	7.8309649e-08
4.8163e-05     	7.8237462e-08
4.85386e-05    	7.8165242e-08
4.89143e-05    	7.8093728e-08
4.92899e-05    	7.8023508e-08
4.96655e-05    	7.7955036e-08
5.00412e-05    	7.7888764e-08
5.04168e-05    	7.7825160e-08
5.07924e-05    	7.7764544e-08
5.11681e-05    	7.7707341e-08
5.15437e-05    	7.7653592e-08
5.19193e-05    	7.7603363e-08
5.2295e-05     	7.7556640e-08
5.26706e-05    	7.7513563e-08
5.30462e-05    	7.7474218e-08
5.34218e-05    	7.7438620e-08
5.37975e-05    	7.7406748e-08
5.41731e-05    	7.7378626e-08
5.45487e-05    	7.7354291e-08
5.49244e-05    	7.7333636e-08
5.53e-05       	7.7316381e-08
5.56756e-05    	7.7302245e-08
5.60513e-05    	7.7291048e-08
5.64269e-05    	7.7282708e-08
5.68025e-05    	7.7277235e-08
5.71781e-05    	7.7274634e-08
5.75538e-05    	7.7274814e-08
5.79294e-05    	7.7277655e-08
5.8305e-05     	7.7283021e-08
5.86807e-05    	7.7290600e-08
5.90563e-05    	7.7300043e-08
5.94319e-05    	7.7311019e-08
5.98076e-05    	7.7323248e-08
6.01832e-05    	7.7336517e-08
6.05588e-05    	7.7350694e-08
6.09344e-05    	7.7365644e-08
6.13101e-05    	7.7381081e-08
6.16857e-05    	7.7396751e-08
6.20613e-05    	7.7412408e-08
6.2437e-05     	7.7427801e-08
6.28126e-05    	7.7442652e-08
6.31882e-05    	7.7456728e-08
6.35639e-05    	7.7469894e-08
6.39395e-05    	7.7481983e-08
6.43151e-05    	7.7492743e-08
6.46908e-05    	7.7501940e-08
6.50664e-05    	7.7509431e-08
6.5442e-05     	7.7515162e-08
6.58176e-05    	7.7519067e-08
6.61933e-05    	7.7521017e-08
6.65689e-05    	7.7520920e-08
6.69445e-05    	7.7518728e-08
6.73202e-05    	7.7514310e-08
6.76958e-05    	7.7507568e-08
6.80714e-05    	7.7498433e-08
6.84471e-05    	7.7486816e-08
6.88227e-05    	7.7472676e-08
6.91983e-05    	7.7456016e-08
6.95739e-05    	7.7436789e-08
6.99496e-05    	7.7415003e-08
7.03252e-05    	7.7390640e-08
7.07008e-05    	7.7363720e-08
7.10765e-05    	7.7334257e-08
7.14521e-05    	7.7302262e-08
7.18277e-05    	7.7267780e-08
7.22034e-05    	7.7230858e-08
7.2579e-05     	7.7191541e-08
7.29546e-05    	7.7149854e-08
7.33302e-05    	7.7105917e-08
7.37059e-05    	7.7059815e-08
7.40815e-05    	7.7011591e-08
7.44571e-05    	7.6961210e-08
7.48328e-05    	7.6908769e-08
7.52084e-05    	7.6854422e-08
7.5584e-05     	7.6798266e-08
7.59597e-05    	7.6740348e-08
7.63353e-05    	7.6680691e-08
7.67109e-05    	7.6619346e-08
7.70866e-05    	7.6556354e-08
7.74622e-05    	7.6491719e-08
7.78378e-05    	7.6425429e-08
7.82134e-05    	7.6357540e-08
7.85891e-05    	7.6288075e-08
7.89647e-05    	7.6217003e-08
7.93403e-05    	7.6144197e-08
7.9716e-05     	7.6069650e-08
8.00916e-05    	7.5993362e-08
8.04672e-05    	7.5915341e-08
8.08429e-05    	7.5835572e-08
8.12185e-05    	7.5753935e-08
8.15941e-05    	7.5670312e-08
8.19697e-05    	7.5584687e-08
8.23454e-05    	7.5497088e-08
8.2721e-05     	7.5407424e-08
8.30966e-05    	7.5315585e-08
8.34723e-05    	7.5221494e-08
8.38479e-05    	7.5125220e-08
8.42235e-05    	7.5026693e-08
8.45992e-05    	7.4925729e-08
8.49748e-05    	7.4822209e-08
8.53504e-05    	7.4716053e-08
8.5726e-05     	7.4607164e-08
8.61017e-05    	7.4495544e-08
8.64773e-05    	7.4381205e-08
8.68529e-05    	7.4264076e-08
8.72286e-05    	7.4144155e-08
8.76042e-05    	7.4021478e-08
8.79798e-05    	7.3896062e-08
8.83555e-05    	7.3767915e-08
8.87311e-05    	7.3637065e-08
8.91067e-05    	7.3503554e-08
8.94824e-05    	7.3367444e-08
8.9858e-05     	7.3228808e-08
9.02336e-05    	7.3087699e-08
9.06092e-05    	7.2944254e-08
9.09849e-05    	7.2798602e-08
9.13605e-05    	7.2650857e-08
9.17361e-05    	7.2501089e-08
9.21118e-05    	7.2349393e-08
9.24874e-05    	7.2195899e-08
9.2863e-05     	7.2040732e-08
9.32387e-05    	7.1884005e-08
9.36143e-05    	7.1725789e-08
9.39899e-05    	7.1566203e-08
9.43655e-05    	7.1405375e-08
9.47412e-05    	7.1243395e-08
9.51168e-05    	7.1080351e-08
9.54924e-05    	7.0916346e-08
9.58681e-05    	7.0751484e-08
9.62437e-05    	7.0585824e-08
9.66193e-05    	7.0419484e-08
9.6995e-05     	7.0252524e-08
9.73706e-05    	7.0085006e-08
9.77462e-05    	6.9917015e-08
9.81218e-05    	6.9748642e-08
9.84975e-05    	6.9580040e-08
9.88731e-05    	6.9411256e-08
9.92487e-05    	6.9242407e-08
9.96244e-05    	6.9073652e-08
0.0001         	6.8904990e-08
0.000100376    	6.8736317e-08
0.000100751    	6.8567787e-08
0.000101127    	6.8399489e-08
0.000101503    	6.8231340e-08
0.000101878    	6.8063295e-08
0.000102254    	6.7895404e-08
0.00010263     	6.7727630e-08
0.000103005    	6.7559722e-08
0.000103381    	6.7391643e-08
0.000103757    	6.7223550e-08
0.000104132    	6.7055598e-08
0.000104508    	6.6887814e-08
0.000104884    	6.6720257e-08
0.000105259    	6.6553064e-08
0.000105635    	6.6386362e-08
0.000106011    	6.6220242e-08
0.000106386    	6.6054808e-08
0.000106762    	6.5890175e-08
0.000107137    	6.5726500e-08
0.000107513    	6.5563881e-08
0.000107889    	6.5402406e-08
0.000108264    	6.5242183e-08
0.00010864     	6.5083424e-08
0.000109016    	6.4926256e-08
0.000109391    	6.4770696e-08
0.000109767    	6.4616781e-08
0.000110143    	6.4464593e-08
0.000110518    	6.4314264e-08
0.000110894    	6.4165920e-08
0.00011127     	6.4019656e-08
0.000111645    	6.3875576e-08
0.000112021    	6.3733760e-08
0.000112397    	6.3594318e-08
0.000112772    	6.3457455e-08
0.000113148    	6.3323300e-08
0.000113524    	6.3191843e-08
0.000113899    	6.3063048e-08
0.000114275    	6.2937209e-08
0.000114651    	6.2814664e-08
0.000115026    	6.2695301e-08
0.000115402    	6.2579150e-08
0.000115778    	6.2466446e-08
0.000116153    	6.2357237e-08
0.000116529    	6.2251464e-08
0.000116905    	6.2149094e-08
0.00011728     	6.2050241e-08
0.000117656    	6.1955011e-08
0.000118032    	6.1863465e-08
0.000118407    	6.1775636e-08
0.000118783    	6.1691548e-08
0.000119159    	6.1611092e-08
0.000119534    	6.1534141e-08
0.00011991     	6.1460591e-08
0.000120285    	6.1390370e-08
0.000120661    	6.1323406e-08
0.000121037    	6.1259640e-08
0.000121412    	6.1199004e-08
0.000121788    	6.1141446e-08
0.000122164    	6.1086923e-08
0.000122539    	6.1035342e-08
0.000122915    	6.0986552e-08
0.000123291    	6.0940383e-08
0.000123666    	6.0896677e-08
0.000124042    	6.0855279e-08
0.000124418    	6.0816007e-08
0.000124793    	6.0778715e-08
0.000125169    	6.0743266e-08
0.000125545    	6.0709476e-08
0.00012592     	6.0677179e-08
0.000126296    	6.0646260e-08
0.000126672    	6.0616689e-08
0.000127047    	6.0588382e-08
0.000127423    	6.0561181e-08
0.000127799    	6.0534859e-08
0.000128174    	6.0509144e-08
0.00012855     	6.0483881e-08
0.000128926    	6.0458949e-08
0.000129301    	6.0434180e-08
0.000129677    	6.0409364e-08
0.000130053    	6.0384297e-08
0.000130428    	6.0358803e-08
0.000130804    	6.0332749e-08
0.00013118     	6.0305997e-08
0.000131555    	6.0278395e-08
0.000131931    	6.0249781e-08
0.000132307    	6.0219992e-08
0.000132682    	6.0188879e-08
0.000133058    	6.0156317e-08
0.000133434    	6.0122163e-08
0.000133809    	6.0086305e-08
0.000134185    	6.0048695e-08
0.00013456     	6.0009282e-08
0.000134936    	5.9967958e-08
0.000135312    	5.9924609e-08
0.000135687    	5.9879137e-08
0.000136063    	5.9831420e-08
0.000136439    	5.9781338e-08
0.000136814    	5.9728792e-08
0.00013719     	5.9673712e-08
0.000137566    	5.9616001e-08
0.000137941    	5.9555565e-08
0.000138317    	5.9492345e-08
0.000138693    	5.9426343e-08
0.000139068    	5.9357564e-08
0.000139444    	5.9285966e-08
0.00013982     	5.9211517e-08
0.000140195    	5.9134211e-08
0.000140571    	5.9054084e-08
0.000140947    	5.8971209e-08
0.000141322    	5.8885659e-08
0.000141698    	5.8797573e-08
0.000142074    	5.8707018e-08
0.000142449    	5.8614163e-08
0.000142825    	5.8519174e-08
0.000143201    	5.8422122e-08
0.000143576    	5.8323224e-08
0.000143952    	5.8222736e-08
0.000144328    	5.8120740e-08
0.000144703    	5.8017531e-08
0.000145079    	5.7913403e-08
0.000145455    	5.7808366e-08
0.00014583     	5.7702672e-08
0.000146206    	5.7596671e-08
0.000146582    	5.7490406e-08
0.000146957    	5.7383947e-08
0.000147333    	5.7277619e-08
0.000147708    	5.7171665e-08
0.000148084    	5.7066152e-08
0.00014846     	5.6961119e-08
0.000148835    	5.6856816e-08
0.000149211    	5.6753455e-08
0.000149587    	5.6651027e-08
0.000149962    	5.6549599e-08
0.000150338    	5.6449386e-08
0.000150714    	5.6350466e-08
0.000151089    	5.6252734e-08
0.000151465    	5.6156252e-08
0.000151841    	5.6061121e-08
0.000152216    	5.5967293e-08
0.000152592    	5.5874805e-08
0.000152968    	5.5783742e-08
0.000153343    	5.5694032e-08
0.000153719    	5.5605697e-08
0.000154095    	5.5518769e-08
0.00015447     	5.5433161e-08
0.000154846    	5.5348759e-08
0.000155222    	5.5265481e-08
0.000155597    	5.5183255e-08
0.000155973    	5.5102050e-08
0.000156349    	5.5021812e-08
0.000156724    	5.4942415e-08
0.0001571      	5.4863723e-08
0.000157476    	5.4785630e-08
0.000157851    	5.4708059e-08
0.000158227    	5.4630873e-08
0.000158603    	5.4553941e-08
0.000158978    	5.4477182e-08
0.000159354    	5.4400575e-08
0.00015973     	5.4323928e-08
0.000160105    	5.4247134e-08
0.000160481    	5.4170171e-08
0.000160856    	5.4092903e-08
0.000161232    	5.4015196e-08
0.000161608    	5.3936967e-08
0.000161983    	5.3858154e-08
0.000162359    	5.3778715e-08
0.000162735    	5.3698603e-08
0.00016311     	5.3617755e-08
0.000163486    	5.3536123e-08
0.000163862    	5.3453644e-08
0.000164237    	5.3370249e-08
0.000164613    	5.3285866e-08
0.000164989    	5.3200450e-08
0.000165364    	5.3113979e-08
0.00016574     	5.3026413e-08
0.000166116    	5.2937741e-08
0.000166491    	5.2847970e-08
0.000166867    	5.2757107e-08
0.000167243    	5.2665128e-08
0.000167618    	5.2572055e-08
0.000167994    	5.2477984e-08
0.00016837     	5.2382849e-08
0.000168745    	5.2286628e-08
0.000169121    	5.2189358e-08
0.000169497    	5.2091178e-08
0.000169872    	5.1992091e-08
0.000170248    	5.1892034e-08
0.000170624    	5.1791037e-08
0.000170999    	5.1689186e-08
0.000171375    	5.1586520e-08
0.000171751    	5.1483060e-08
0.000172126    	5.1378840e-08
0.000172502    	5.1273889e-08
0.000172878    	5.1168241e-08
0.000173253    	5.1061932e-08
0.000173629    	5.0955003e-08
0.000174005    	5.0847498e-08
0.00017438     	5.0739466e-08
0.000174756    	5.0630959e-08
0.000175131    	5.0522005e-08
0.000175507    	5.0412621e-08
0.000175883    	5.0302941e-08
0.000176258    	5.0193084e-08
0.000176634    	5.0082943e-08
0.00017701     	4.9972520e-08
0.000177385    	4.9861915e-08
0.000177761    	4.9751197e-08
0.000178137    	4.9640405e-08
0.000178512    	4.9529589e-08
0.000178888    	4.9418786e-08
0.000179264    	4.9308039e-08
0.000179639    	4.9197387e-08
0.000180015    	4.9086870e-08
0.000180391    	4.8976518e-08
0.000180766    	4.8866351e-08
0.000181142    	4.8756393e-08
0.000181518    	4.8646664e-08
0.000181893    	4.8537185e-08
0.000182269    	4.8427980e-08
0.000182645    	4.8319077e-08
0.00018302     	4.8210503e-08
0.000183396    	4.8102285e-08
0.000183772    	4.7994421e-08
0.000184147    	4.7886930e-08
0.000184523    	4.7779935e-08
0.000184899    	4.7673429e-08
0.000185274    	4.7567305e-08
0.00018565     	4.7461614e-08
0.000186026    	4.7356431e-08
0.000186401    	4.7251780e-08
0.000186777    	4.7147673e-08
0.000187153    	4.7044142e-08
0.000187528    	4.6941217e-08
0.000187904    	4.6838920e-08
0.000188279    	4.6737277e-08
0.000188655    	4.6636321e-08
0.000189031    	4.6536075e-08
0.000189406    	4.6436555e-08
0.000189782    	4.6337775e-08
0.000190158    	4.6239766e-08
0.000190533    	4.6142565e-08
0.000190909    	4.6046214e-08
0.000191285    	4.5950744e-08
0.00019166     	4.5856184e-08
0.000192036    	4.5762553e-08
0.000192412    	4.5669866e-08
0.000192787    	4.5578160e-08
0.000193163    	4.5487445e-08
0.000193539    	4.5397755e-08
0.000193914    	4.5309099e-08
0.00019429     	4.5221487e-08
0.000194666    	4.5134945e-08
0.000195041    	4.5049459e-08
0.000195417    	4.4965021e-08
0.000195793    	4.4881604e-08
0.000196168    	4.4799204e-08
0.000196544    	4.4717803e-08
0.00019692     	4.4637384e-08
0.000197295    	4.4557931e-08
0.000197671    	4.4479445e-08
0.000198047    	4.4401906e-08
0.000198422    	4.4325285e-08
0.000198798    	4.4249545e-08
0.000199174    	4.4174661e-08
0.000199549    	4.4100611e-08
0.000199925    	4.4027370e-08
0.000200301    	4.3954909e-08
0.000200676    	4.3883160e-08
0.000201052    	4.3812051e-08
0.000201427    	4.3741513e-08
0.000201803    	4.3671508e-08
0.000202179    	4.3601985e-08
0.000202554    	4.3532890e-08
0.00020293     	4.3464175e-08
0.000203306    	4.3395772e-08
0.000203681    	4.3327606e-08
0.000204057    	4.3259601e-08
0.000204433    	4.3191687e-08
0.000204808    	4.3123791e-08
0.000205184    	4.3055833e-08
0.00020556     	4.2987746e-08
0.000205935    	4.2919452e-08
0.000206311    	4.2850884e-08
0.000206687    	4.2781972e-08
0.000207062    	4.2712643e-08
0.000207438    	4.2642826e-08
0.000207814    	4.2572443e-08
0.000208189    	4.2501414e-08
0.000208565    	4.2429668e-08
0.000208941    	4.2357152e-08
0.000209316    	4.2283817e-08
0.000209692    	4.2209601e-08
0.000210068    	4.2134426e-08
0.000210443    	4.2058252e-08
0.000210819    	4.1981051e-08
0.000211195    	4.1902783e-08
0.00021157     	4.1823417e-08
0.000211946    	4.1742926e-08
0.000212322    	4.1661282e-08
0.000212697    	4.1578469e-08
0.000213073    	4.1494467e-08
0.000213449    	4.1409268e-08
0.000213824    	4.1322856e-08
0.0002142      	4.1235228e-08
0.000214576    	4.1146385e-08
0.000214951    	4.1056339e-08
0.000215327    	4.0965106e-08
0.000215702    	4.0872708e-08
0.000216078    	4.0779173e-08
0.000216454    	4.0684515e-08
0.000216829    	4.0588719e-08
0.000217205    	4.0491794e-08
0.000217581    	4.0393779e-08
0.000217956    	4.0294720e-08
0.000218332    	4.0194658e-08
0.000218708    	4.0093623e-08
0.000219083    	3.9991656e-08
0.000219459    	3.9888796e-08
0.000219835    	3.9785062e-08
0.00022021     	3.9680536e-08
0.000220586    	3.9575245e-08
0.000220962    	3.9469151e-08
0.000221337    	3.9362328e-08
0.000221713    	3.9254853e-08
0.000222089    	3.9146771e-08
0.000222464    	3.9038129e-08
0.00022284     	3.8928976e-08
0.000223216    	3.8819359e-08
0.000223591    	3.8709318e-08
0.000223967    	3.8598899e-08
0.000224343    	3.8488151e-08
0.000224718    	3.8377125e-08
0.000225094    	3.8265907e-08
0.00022547     	3.8154604e-08
0.000225845    	3.8043223e-08
0.000226221    	3.7931822e-08
0.000226597    	3.7820486e-08
0.000226972    	3.7709259e-08
0.000227348    	3.7598202e-08
0.000227724    	3.7487397e-08
0.000228099    	3.7376920e-08
0.000228475    	3.7266821e-08
0.00022885     	3.7157179e-08
0.000229226    	3.7048101e-08
0.000229602    	3.6939672e-08
0.000229977    	3.6831936e-08
0.000230353    	3.6724912e-08
0.000230729    	3.6618629e-08
0.000231104    	3.6513150e-08
0.00023148     	3.6408614e-08
0.000231856    	3.6305021e-08
0.000232231    	3.6202337e-08
0.000232607    	3.6100625e-08
0.000232983    	3.5999961e-08
0.000233358    	3.5900374e-08
0.000233734    	3.5801875e-08
0.00023411     	3.5704472e-08
0.000234485    	3.5608137e-08
0.000234861    	3.5512861e-08
0.000235237    	3.5418659e-08
0.000235612    	3.5325554e-08
0.000235988    	3.5233571e-08
0.000236364    	3.5142704e-08
0.000236739    	3.5052919e-08
0.000237115    	3.4964192e-08
0.000237491    	3.4876508e-08
0.000237866    	3.4789852e-08
0.000238242    	3.4704211e-08
0.000238618    	3.4619577e-08
0.000238993    	3.4535941e-08
0.000239369    	3.4453300e-08
0.000239745    	3.4371616e-08
0.00024012     	3.4290830e-08
0.000240496    	3.4210892e-08
0.000240872    	3.4131767e-08
0.000241247    	3.4053435e-08
0.000241623    	3.3975885e-08
0.000241998    	3.3899088e-08
0.000242374    	3.3822994e-08
0.00024275     	3.3747572e-08
0.000243125    	3.3672781e-08
0.000243501    	3.3598565e-08
0.000243877    	3.3524872e-08
0.000244252    	3.3451674e-08
0.000244628    	3.3378955e-08
0.000245004    	3.3306671e-08
0.000245379    	3.3234775e-08
0.000245755    	3.3163232e-08
0.000246131    	3.3092011e-08
0.000246506    	3.3021081e-08
0.000246882    	3.2950397e-08
0.000247258    	3.2879931e-08
0.000247633    	3.2809673e-08
0.000248009    	3.2739604e-08
0.000248385    	3.2669692e-08
0.00024876     	3.2599946e-08
0.000249136    	3.2530368e-08
0.000249512    	3.2460938e-08
0.000249887    	3.2391651e-08
0.000250263    	3.2322529e-08
0.000250639    	3.2253581e-08
0.000251014    	3.2184808e-08
0.00025139     	3.2116222e-08
0.000251766    	3.2047839e-08
0.000252141    	3.1979698e-08
0.000252517    	3.1911840e-08
0.000252893    	3.1844306e-08
0.000253268    	3.1777144e-08
0.000253644    	3.1710376e-08
0.00025402     	3.1644049e-08
0.000254395    	3.1578233e-08
0.000254771    	3.1513012e-08
0.000255147    	3.1448446e-08
0.000255522    	3.1384578e-08
0.000255898    	3.1321448e-08
0.000256273    	3.1259122e-08
0.000256649    	3.1197676e-08
0.000257025    	3.1137173e-08
0.0002574      	3.1077677e-08
0.000257776    	3.1019256e-08
0.000258152    	3.0961968e-08
0.000258527    	3.0905873e-08
0.000258903    	3.0851035e-08
0.000259279    	3.0797487e-08
0.000259654    	3.0745294e-08
0.00026003     	3.0694514e-08
0.000260406    	3.0645186e-08
0.000260781    	3.0597375e-08
0.000261157    	3.0551137e-08
0.000261533    	3.0506485e-08
0.000261908    	3.0463437e-08
0.000262284    	3.0422021e-08
0.00026266     	3.0382293e-08
0.000263035    	3.0344313e-08
0.000263411    	3.0308088e-08
0.000263787    	3.0273627e-08
0.000264162    	3.0240940e-08
0.000264538    	3.0210064e-08
0.000264914    	3.0181018e-08
0.000265289    	3.0153816e-08
0.000265665    	3.0128444e-08
0.000266041    	3.0104907e-08
0.000266416    	3.0083226e-08
0.000266792    	3.0063380e-08
0.000267168    	3.0045327e-08
0.000267543    	3.0029042e-08
0.000267919    	3.0014528e-08
0.000268295    	3.0001767e-08
0.00026867     	2.9990681e-08
0.000269046    	2.9981180e-08
0.000269421    	2.9973228e-08
0.000269797    	2.9966813e-08
0.000270173    	2.9961966e-08
0.000270548    	2.9958656e-08
0.000270924    	2.9956903e-08
0.0002713      	2.9956668e-08
0.000271675    	2.9957956e-08
0.000272051    	2.9960807e-08
0.000272427    	2.9965247e-08
0.000272802    	2.9971339e-08
0.000273178    	2.9979092e-08
0.000273554    	2.9988528e-08
0.000273929    	2.9999621e-08
0.000274305    	3.0012344e-08
0.000274681    	3.0026658e-08
0.000275056    	3.0042507e-08
0.000275432    	3.0059858e-08
0.000275808    	3.0078667e-08
0.000276183    	3.0098906e-08
0.000276559    	3.0120545e-08
0.000276935    	3.0143572e-08
0.00027731     	3.0167999e-08
0.000277686    	3.0193853e-08
0.000278062    	3.0221174e-08
0.000278437    	3.0249994e-08
0.000278813    	3.0280401e-08
0.000279189    	3.0312485e-08
0.000279564    	3.0346379e-08
0.00027994     	3.0382200e-08
0.000280316    	3.0420026e-08
0.000280691    	3.0459987e-08
0.000281067    	3.0502261e-08
0.000281443    	3.0547048e-08
0.000281818    	3.0594577e-08
0.000282194    	3.0645080e-08
0.000282569    	3.0698816e-08
0.000282945    	3.0756023e-08
0.000283321    	3.0816966e-08
0.000283696    	3.0881961e-08
0.000284072    	3.0951352e-08
0.000284448    	3.1025488e-08
0.000284823    	3.1104721e-08
0.000285199    	3.1189414e-08
0.000285575    	3.1279942e-08
0.00028595     	3.1376821e-08
0.000286326    	3.1480621e-08
0.000286702    	3.1591952e-08
0.000287077    	3.1711991e-08
0.000287453    	3.1842222e-08
0.000287829    	3.1983902e-08
0.000288204    	3.2137931e-08
0.00028858     	3.2305086e-08
0.000288956    	3.2486183e-08
0.000289331    	3.2682108e-08
0.000289707    	3.2893710e-08
0.000290083    	3.3121765e-08
0.000290458    	3.3367161e-08
0.000290834    	3.3630577e-08
0.00029121     	3.3912892e-08
0.000291585    	3.4215272e-08
0.000291961    	3.4538446e-08
0.000292337    	3.4883127e-08
0.000292712    	3.5250269e-08
0.000293088    	3.5641015e-08
0.000293464    	3.6056306e-08
0.000293839    	3.6496799e-08
0.000294215    	3.6963147e-08
0.000294591    	3.7455868e-08
0.000294966    	3.7975960e-08
0.000295342    	3.8524260e-08
0.000295718    	3.9101585e-08
0.000296093    	3.9708709e-08
0.000296469    	4.0346591e-08
0.000296844    	4.1016360e-08
0.00029722     	4.1719056e-08
0.000297596    	4.2455633e-08
0.000297971    	4.3226961e-08
0.000298347    	4.4033997e-08
0.000298723    	4.4877554e-08
0.000299098    	4.5758594e-08
0.000299474    	4.6678139e-08
0.00029985     	4.7636900e-08
0.000300225    	4.8635638e-08
0.000300601    	4.9675311e-08
0.000300977    	5.0756779e-08
0.000301352    	5.1880756e-08
0.000301728    	5.3048228e-08
0.000302104    	5.4260044e-08
0.000302479    	5.5516663e-08
0.000302855    	5.6818940e-08
0.000303231    	5.8168018e-08
0.000303606    	5.9564986e-08
0.000303982    	6.1010964e-08
0.000304358    	6.2507211e-08
0.000304733    	6.4055099e-08
0.000305109    	6.5655443e-08
0.000305485    	6.7309335e-08
0.00030586     	6.9017180e-08
0.000306236    	7.0780219e-08
0.000306612    	7.2598548e-08
0.000306987    	7.4474009e-08
0.000307363    	7.6406866e-08
0.000307739    	7.8399450e-08
0.000308114    	8.0451498e-08
0.00030849     	8.2565297e-08
0.000308866    	8.4740673e-08
0.000309241    	8.6979889e-08
0.000309617    	8.9282301e-08
0.000309992    	9.1650363e-08
0.000310368    	9.4084219e-08
0.000310744    	9.6586051e-08
0.000311119    	9.9155738e-08
0.000311495    	1.0179528e-07
0.000311871    	1.0450560e-07
0.000312246    	1.0728808e-07
0.000312622    	1.1014394e-07
0.000312998    	1.1307366e-07
0.000313373    	1.1607937e-07
0.000313749    	1.1916090e-07
0.000314125    	1.2232047e-07
0.0003145      	1.2555774e-07
0.000314876    	1.2887525e-07
0.000315252    	1.3227274e-07
0.000315627    	1.3575220e-07
0.000316003    	1.3931389e-07
0.000316379    	1.4295987e-07
0.000316754    	1.4669037e-07
0.00031713     	1.5050648e-07
0.000317506    	1.5440949e-07
0.000317881    	1.5839943e-07
0.000318257    	1.6247900e-07
0.000318633    	1.6664629e-07
0.000319008    	1.7090639e-07
0.000319384    	1.7525567e-07
0.00031976     	1.7969900e-07
0.000320135    	1.8423399e-07
0.000320511    	1.8886360e-07
0.000320887    	1.9358753e-07
0.000321262    	1.9840651e-07
0.000321638    	2.0332123e-07
0.000322014    	2.0833365e-07
0.000322389    	2.1344217e-07
0.000322765    	2.1865090e-07
0.00032314     	2.2395703e-07
0.000323516    	2.2936380e-07
0.000323892    	2.3487028e-07
0.000324267    	2.4047792e-07
0.000324643    	2.4618731e-07
0.000325019    	2.5199858e-07
0.000325394    	2.5791089e-07
0.00032577     	2.6392697e-07
0.000326146    	2.7004493e-07
0.000326521    	2.7626902e-07
0.000326897    	2.8259637e-07
0.000327273    	2.8902964e-07
0.000327648    	2.9556969e-07
0.000328024    	3.0221554e-07
0.0003284      	3.0896931e-07
0.000328775    	3.1583104e-07
0.000329151    	3.2280083e-07
0.000329527    	3.2988107e-07
0.000329902    	3.3707131e-07
0.000330278    	3.4437166e-07
0.000330654    	3.5178408e-07
0.000331029    	3.5930713e-07
0.000331405    	3.6694284e-07
0.000331781    	3.7469200e-07
0.000332156    	3.8255340e-07
0.000332532    	3.9053003e-07
0.000332908    	3.9862088e-07
0.000333283    	4.0682854e-07
0.000333659    	4.1515134e-07
0.000334035    	4.2359396e-07
0.00033441     	4.3215299e-07
0.000334786    	4.4083342e-07
0.000335162    	4.4963186e-07
0.000335537    	4.5855329e-07
0.000335913    	4.6759572e-07
0.000336289    	4.7676201e-07
0.000336664    	4.8605091e-07
0.00033704     	4.9546584e-07
0.000337415    	5.0500476e-07
0.000337791    	5.1467044e-07
0.000338167    	5.2446365e-07
0.000338542    	5.3438527e-07
0.000338918    	5.4443568e-07
0.000339294    	5.5461782e-07
0.000339669    	5.6492971e-07
0.000340045    	5.7537337e-07
0.000340421    	5.8594903e-07
0.000340796    	5.9665710e-07
0.000341172    	6.0749879e-07
0.000341548    	6.1847533e-07
0.000341923    	6.2958791e-07
0.000342299    	6.4083745e-07
0.000342675    	6.5222566e-07
0.00034305     	6.6375285e-07
0.000343426    	6.7541969e-07
0.000343802    	6.8722664e-07
0.000344177    	6.9917470e-07
0.000344553    	7.1126515e-07
0.000344929    	7.2349901e-07
0.000345304    	7.3587711e-07
0.00034568     	7.4840020e-07
0.000346056    	7.6106930e-07
0.000346431    	7.7388529e-07
0.000346807    	7.8684898e-07
0.000347183    	7.9996136e-07
0.000347558    	8.1322333e-07
0.000347934    	8.2663582e-07
0.00034831     	8.4019991e-07
0.000348685    	8.5391670e-07
0.000349061    	8.6778687e-07
0.000349437    	8.8181125e-07
0.000349812    	8.9599045e-07
0.000350188    	9.1032532e-07
0.000350563    	9.2481694e-07
0.000350939    	9.3946645e-07
0.000351315    	9.5427494e-07
0.00035169     	9.6924334e-07
0.000352066    	9.8437255e-07
0.000352442    	9.9966329e-07
0.000352817    	1.0151162e-06
0.000353193    	1.0307319e-06
0.000353569    	1.0465107e-06
0.000353944    	1.0624527e-06
0.00035432     	1.0785579e-06
0.000354696    	1.0948267e-06
0.000355071    	1.1112591e-06
0.000355447    	1.1278556e-06
0.000355823    	1.1446166e-06
0.000356198    	1.1615432e-06
0.000356574    	1.1786367e-06
0.00035695     	1.1958980e-06
0.000357325    	1.2133281e-06
0.000357701    	1.2309273e-06
0.000358077    	1.2486962e-06
0.000358452    	1.2666354e-06
0.000358828    	1.2847460e-06
0.000359204    	1.3030289e-06
0.000359579    	1.3214851e-06
0.000359955    	1.3401153e-06
0.000360331    	1.3589202e-06
0.000360706    	1.3779003e-06
0.000361082    	1.3970561e-06
0.000361458    	1.4163882e-06
0.000361833    	1.4358977e-06
0.000362209    	1.4555852e-06
0.000362585    	1.4754516e-06
0.00036296     	1.4954980e-06
0.000363336    	1.5157265e-06
0.000363711    	1.5361384e-06
0.000364087    	1.5567346e-06
0.000364463    	1.5775166e-06
0.000364838    	1.5984851e-06
0.000365214    	1.6196406e-06
0.00036559     	1.6409832e-06
0.000365965    	1.6625143e-06
0.000366341    	1.6842350e-06
0.000366717    	1.7061459e-06
0.000367092    	1.7282478e-06
0.000367468    	1.7505424e-06
0.000367844    	1.7730319e-06
0.000368219    	1.7957181e-06
0.000368595    	1.8186022e-06
0.000368971    	1.8416852e-06
0.000369346    	1.8649679e-06
0.000369722    	1.8884507e-06
0.000370098    	1.9121342e-06
0.000370473    	1.9360187e-06
0.000370849    	1.9601047e-06
0.000371225    	1.9843921e-06
0.0003716      	2.0088818e-06
0.000371976    	2.0335749e-06
0.000372352    	2.0584725e-06
0.000372727    	2.0835753e-06
0.000373103    	2.1088846e-06
0.000373479    	2.1344013e-06
0.000373854    	2.1601266e-06
0.00037423     	2.1860608e-06
0.000374606    	2.2122055e-06
0.000374981    	2.2385618e-06
0.000375357    	2.2651299e-06
0.000375733    	2.2919095e-06
0.000376108    	2.3189000e-06
0.000376484    	2.3461025e-06
0.00037686     	2.3735179e-06
0.000377235    	2.4011472e-06
0.000377611    	2.4289918e-06
0.000377986    	2.4570533e-06
0.000378362    	2.4853319e-06
0.000378738    	2.5138277e-06
0.000379113    	2.5425412e-06
0.000379489    	2.5714735e-06
0.000379865    	2.6006260e-06
0.00038024     	2.6299994e-06
0.000380616    	2.6595946e-06
0.000380992    	2.6894125e-06
0.000381367    	2.7194545e-06
0.000381743    	2.7497216e-06
0.000382119    	2.7802156e-06
0.000382494    	2.8109375e-06
0.00038287     	2.8418878e-06
0.000383246    	2.8730673e-06
0.000383621    	2.9044775e-06
0.000383997    	2.9361195e-06
0.000384373    	2.9679942e-06
0.000384748    	3.0001032e-06
0.000385124    	3.0324480e-06
0.0003855      	3.0650297e-06
0.000385875    	3.0978492e-06
0.000386251    	3.1309092e-06
0.000386627    	3.1642125e-06
0.000387002    	3.1977605e-06
0.000387378    	3.2315533e-06
0.000387754    	3.2655930e-06
0.000388129    	3.2998821e-06
0.000388505    	3.3344227e-06
0.000388881    	3.3692156e-06
0.000389256    	3.4042626e-06
0.000389632    	3.4395647e-06
0.000390008    	3.4751232e-06
0.000390383    	3.5109408e-06
0.000390759    	3.5470196e-06
0.000391134    	3.5833597e-06
0.00039151     	3.6199621e-06
0.000391886    	3.6568279e-06
0.000392261    	3.6939608e-06
0.000392637    	3.7313655e-06
0.000393013    	3.7690433e-06
0.000393388    	3.8069933e-06
0.000393764    	3.8452205e-06
0.00039414     	3.8837278e-06
0.000394515    	3.9225109e-06
0.000394891    	3.9615625e-06
0.000395267    	4.0008807e-06
0.000395642    	4.0404697e-06
0.000396018    	4.0803346e-06
0.000396394    	4.1204804e-06
0.000396769    	4.1609075e-06
0.000397145    	4.2016117e-06
0.000397521    	4.2425907e-06
0.000397896    	4.2838471e-06
0.000398272    	4.3253855e-06
0.000398648    	4.3672089e-06
0.000399023    	4.4093189e-06
0.000399399    	4.4517168e-06
0.000399775    	4.4944019e-06
0.00040015     	4.5373694e-06
0.000400526    	4.5806121e-06
0.000400901    	4.6241416e-06
0.000401277    	4.6679631e-06
0.000401652    	4.7120759e-06
0.000402028    	4.7564795e-06
0.000402403    	4.8011762e-06
0.000402779    	4.8461692e-06
0.000403154    	4.8914597e-06
0.00040353     	4.9370475e-06
0.000403905    	4.9829336e-06
0.000404281    	5.0291185e-06
0.000404656    	5.0756018e-06
0.000405032    	5.1223834e-06
0.000405407    	5.1694642e-06
0.000405783    	5.2168453e-06
0.000406158    	5.2645279e-06
0.000406534    	5.3125141e-06
0.00040691     	5.3608061e-06
0.000407285    	5.4094058e-06
0.000407661    	5.4583146e-06
0.000408036    	5.5075349e-06
0.000408412    	5.5570680e-06
0.000408787    	5.6069140e-06
0.000409163    	5.6570719e-06
0.000409538    	5.7075418e-06
0.000409914    	5.7583241e-06
0.000410289    	5.8094204e-06
0.000410665    	5.8608333e-06
0.00041104     	5.9125655e-06
0.000411416    	5.9646191e-06
0.000411791    	6.0169958e-06
0.000412167    	6.0696956e-06
0.000412542    	6.1227172e-06
0.000412918    	6.1760612e-06
0.000413293    	6.2297277e-06
0.000413669    	6.2837171e-06
0.000414044    	6.3380309e-06
0.00041442     	6.3926681e-06
0.000414795    	6.4476288e-06
0.000415171    	6.5029161e-06
0.000415546    	6.5585299e-06
0.000415922    	6.6144720e-06
0.000416297    	6.6707462e-06
0.000416673    	6.7273554e-06
0.000417048    	6.7843035e-06
0.000417424    	6.8415930e-06
0.000417799    	6.8992243e-06
0.000418175    	6.9571965e-06
0.000418551    	7.0155081e-06
0.000418926    	7.0741645e-06
0.000419302    	7.1331696e-06
0.000419677    	7.1925230e-06
0.000420053    	7.2522135e-06
0.000420428    	7.3122386e-06
0.000420804    	7.3726048e-06
0.000421179    	7.4333168e-06
0.000421555    	7.4943726e-06
0.00042193     	7.5557936e-06
0.000422306    	7.6175906e-06
0.000422681    	7.6797345e-06
0.000423057    	7.7422032e-06
0.000423432    	7.8050004e-06
0.000423808    	7.8681424e-06
0.000424183    	7.9316463e-06
0.000424559    	7.9955154e-06
0.000424934    	8.0597440e-06
0.00042531     	8.1243325e-06
0.000425685    	8.1892761e-06
0.000426061    	8.2545689e-06
0.000426436    	8.3202153e-06
0.000426812    	8.3862153e-06
0.000427187    	8.4525699e-06
0.000427563    	8.5192870e-06
0.000427938    	8.5863694e-06
0.000428314    	8.6538133e-06
0.000428689    	8.7216214e-06
0.000429065    	8.7897917e-06
0.00042944     	8.8583175e-06
0.000429816    	8.9271996e-06
0.000430192    	8.9964434e-06
0.000430567    	9.0660501e-06
0.000430943    	9.1360200e-06
0.000431318    	9.2063559e-06
0.000431694    	9.2770603e-06
0.000432069    	9.3481326e-06
0.000432445    	9.4195721e-06
0.00043282     	9.4913811e-06
0.000433196    	9.5635616e-06
0.000433571    	9.6361128e-06
0.000433947    	9.7090338e-06
0.000434322    	9.7823242e-06
0.000434698    	9.8559834e-06
0.000435073    	9.9300105e-06
0.000435449    	1.0004404e-05
0.000435824    	1.0079164e-05
0.0004362      	1.0154292e-05
0.000436575    	1.0229791e-05
0.000436951    	1.0305663e-05
0.000437326    	1.0381906e-05
0.000437702    	1.0458520e-05
0.000438077    	1.0535505e-05
0.000438453    	1.0612863e-05
0.000438828    	1.0690590e-05
0.000439204    	1.0768689e-05
0.000439579    	1.0847158e-05
0.000439955    	1.0926000e-05
0.00044033     	1.1005213e-05
0.000440706    	1.1084799e-05
0.000441081    	1.1164763e-05
0.000441457    	1.1245106e-05
0.000441833    	1.1325826e-05
0.000442208    	1.1406924e-05
0.000442584    	1.1488398e-05
0.000442959    	1.1570247e-05
0.000443335    	1.1652469e-05
0.00044371     	1.1735070e-05
0.000444086    	1.1818052e-05
0.000444461    	1.1901413e-05
0.000444837    	1.1985151e-05
0.000445212    	1.2069265e-05
0.000445588    	1.2153756e-05
0.000445963    	1.2238626e-05
0.000446339    	1.2323880e-05
0.000446714    	1.2409524e-05
0.00044709     	1.2495557e-05
0.000447465    	1.2581979e-05
0.000447841    	1.2668786e-05
0.000448216    	1.2755978e-05
0.000448592    	1.2843553e-05
0.000448967    	1.2931510e-05
0.000449343    	1.3019847e-05
0.000449718    	1.3108562e-05
0.000450094    	1.3197651e-05
0.000450469    	1.3287104e-05
0.000450845    	1.3376924e-05
0.00045122     	1.3467117e-05
0.000451596    	1.3557683e-05
0.000451971    	1.3648616e-05
0.000452347    	1.3739929e-05
0.000452722    	1.3831623e-05
0.000453098    	1.3923692e-05
0.000453474    	1.4016130e-05
0.000453849    	1.4108935e-05
0.000454225    	1.4202123e-05
0.0004546      	1.4295716e-05
0.000454976    	1.4389704e-05
0.000455351    	1.4484062e-05
0.000455727    	1.4578788e-05
0.000456102    	1.4673916e-05
0.000456478    	1.4769427e-05
0.000456853    	1.4865248e-05
0.000457229    	1.4961351e-05
0.000457604    	1.5057778e-05
0.00045798     	1.5154600e-05
0.000458355    	1.5251872e-05
0.000458731    	1.5349626e-05
0.000459106    	1.5447840e-05
0.000459482    	1.5546425e-05
0.000459857    	1.5645334e-05
0.000460233    	1.5744566e-05
0.000460608    	1.5844173e-05
0.000460984    	1.5944217e-05
0.000461359    	1.6044722e-05
0.000461735    	1.6145649e-05
0.00046211     	1.6246922e-05
0.000462486    	1.6348497e-05
0.000462861    	1.6450391e-05
0.000463237    	1.6552651e-05
0.000463612    	1.6655322e-05
0.000463988    	1.6758431e-05
0.000464363    	1.6861962e-05
0.000464739    	1.6965891e-05
0.000465115    	1.7070203e-05
0.00046549     	1.7174894e-05
0.000465866    	1.7279965e-05
0.000466241    	1.7385408e-05
0.000466617    	1.7491221e-05
0.000466992    	1.7597407e-05
0.000467368    	1.7703971e-05
0.000467743    	1.7810915e-05
0.000468119    	1.7918235e-05
0.000468494    	1.8025931e-05
0.00046887     	1.8133998e-05
0.000469245    	1.8242436e-05
0.000469621    	1.8351246e-05
0.000469996    	1.8460432e-05
0.000470372    	1.8569996e-05
0.000470747    	1.8679932e-05
0.000471123    	1.8790243e-05
0.000471498    	1.8900927e-05
0.000471874    	1.9011972e-05
0.000472249    	1.9123393e-05
0.000472625    	1.9235204e-05
0.000473       	1.9347378e-05
0.000473376    	1.9459916e-05
0.000473751    	1.9572824e-05
0.000474127    	1.9686115e-05
0.000474502    	1.9799792e-05
0.000474878    	1.9913853e-05
0.000475253    	2.0028293e-05
0.000475629    	2.0143109e-05
0.000476005    	2.0258267e-05
0.00047638     	2.0373737e-05
0.000476756    	2.0489630e-05
0.000477131    	2.0605920e-05
0.000477507    	2.0722572e-05
0.000477882    	2.0839574e-05
0.000478258    	2.0956924e-05
0.000478633    	2.1074635e-05
0.000479009    	2.1192720e-05
0.000479384    	2.1311163e-05
0.00047976     	2.1429950e-05
0.000480135    	2.1549083e-05
0.000480511    	2.1668569e-05
0.000480886    	2.1788406e-05
0.000481262    	2.1908589e-05
0.000481637    	2.2029103e-05
0.000482013    	2.2149936e-05
0.000482388    	2.2271083e-05
0.000482764    	2.2392566e-05
0.000483139    	2.2514394e-05
0.000483515    	2.2636543e-05
0.00048389     	2.2759004e-05
0.000484266    	2.2881787e-05
0.000484641    	2.3004888e-05
0.000485017    	2.3128272e-05
0.000485392    	2.3251958e-05
0.000485768    	2.3375971e-05
0.000486143    	2.3500305e-05
0.000486519    	2.3624949e-05
0.000486894    	2.3749907e-05
0.00048727     	2.3875180e-05
0.000487646    	2.4000782e-05
0.000488021    	2.4126722e-05
0.000488397    	2.4252994e-05
0.000488772    	2.4379594e-05
0.000489148    	2.4506529e-05
0.000489523    	2.4633812e-05
0.000489899    	2.4761440e-05
0.000490274    	2.4889378e-05
0.00049065     	2.5017615e-05
0.000491025    	2.5146172e-05
0.000491401    	2.5275114e-05
0.000491776    	2.5404451e-05
0.000492152    	2.5534135e-05
0.000492527    	2.5664122e-05
0.000492903    	2.5794414e-05
0.000493278    	2.5925035e-05
0.000493654    	2.6055971e-05
0.000494029    	2.6187175e-05
0.000494405    	2.6318620e-05
0.00049478     	2.6450333e-05
0.000495156    	2.6582367e-05
0.000495531    	2.6714706e-05
0.000495907    	2.6847300e-05
0.000496282    	2.6980127e-05
0.000496658    	2.7113256e-05
0.000497033    	2.7246751e-05
0.000497409    	2.7380572e-05
0.000497784    	2.7514633e-05
0.00049816     	2.7648938e-05
0.000498535    	2.7783532e-05
0.000498911    	2.7918400e-05
0.000499287    	2.8053540e-05
0.000499662    	2.8188963e-05
0.000500038    	2.8324702e-05
0.000500413    	2.8460684e-05
0.000500788    	2.8596912e-05
0.000501164    	2.8733383e-05
0.000501539    	2.8870130e-05
0.000501914    	2.9007165e-05
0.00050229     	2.9144442e-05
0.000502665    	2.9282001e-05
0.000503041    	2.9419828e-05
0.000503416    	2.9557922e-05
0.000503791    	2.9696291e-05
0.000504167    	2.9834928e-05
0.000504542    	2.9973796e-05
0.000504917    	3.0112901e-05
0.000505293    	3.0252262e-05
0.000505668    	3.0391858e-05
0.000506044    	3.0531719e-05
0.000506419    	3.0671826e-05
0.000506794    	3.0812155e-05
0.00050717     	3.0952714e-05
0.000507545    	3.1093517e-05
0.00050792     	3.1234570e-05
0.000508296    	3.1375854e-05
0.000508671    	3.1517357e-05
0.000509047    	3.1659123e-05
0.000509422    	3.1801123e-05
0.000509797    	3.1943348e-05
0.000510173    	3.2085794e-05
0.000510548    	3.2228450e-05
0.000510923    	3.2371302e-05
0.000511299    	3.2514344e-05
0.000511674    	3.2657549e-05
0.00051205     	3.2800999e-05
0.000512425    	3.2944618e-05
0.0005128      	3.3088400e-05
0.000513176    	3.3232400e-05
0.000513551    	3.3376606e-05
0.000513926    	3.3521000e-05
0.000514302    	3.3665603e-05
0.000514677    	3.3810417e-05
0.000515053    	3.3955443e-05
0.000515428    	3.4100677e-05
0.000515803    	3.4246119e-05
0.000516179    	3.4391763e-05
0.000516554    	3.4537602e-05
0.000516929    	3.4683646e-05
0.000517305    	3.4829896e-05
0.00051768     	3.4976335e-05
0.000518056    	3.5122954e-05
0.000518431    	3.5269767e-05
0.000518806    	3.5416787e-05
0.000519182    	3.5564020e-05
0.000519557    	3.5711460e-05
0.000519932    	3.5859081e-05
0.000520308    	3.6006827e-05
0.000520683    	3.6154702e-05
0.000521059    	3.6302772e-05
0.000521434    	3.6451134e-05
0.000521809    	3.6599798e-05
0.000522185    	3.6748667e-05
0.00052256     	3.6897660e-05
0.000522935    	3.7046775e-05
0.000523311    	3.7196027e-05
0.000523686    	3.7345426e-05
0.000524062    	3.7494973e-05
0.000524437    	3.7644622e-05
0.000524812    	3.7794373e-05
0.000525188    	3.7944203e-05
0.000525563    	3.8094134e-05
0.000525938    	3.8244173e-05
0.000526314    	3.8394398e-05
0.000526689    	3.8544841e-05
0.000527065    	3.8695477e-05
0.00052744     	3.8846278e-05
0.000527815    	3.8997230e-05
0.000528191    	3.9148324e-05
0.000528566    	3.9299552e-05
0.000528941    	3.9450905e-05
0.000529317    	3.9602385e-05
0.000529692    	3.9753989e-05
0.000530068    	3.9905703e-05
0.000530443    	4.0057544e-05
0.000530818    	4.0209565e-05
0.000531194    	4.0361767e-05
0.000531569    	4.0514110e-05
0.000531944    	4.0666578e-05
0.00053232     	4.0819119e-05
0.000532695    	4.0971750e-05
0.000533071    	4.1124496e-05
0.000533446    	4.1277376e-05
0.000533821    	4.1430445e-05
0.000534197    	4.1583634e-05
0.000534572    	4.1736864e-05
0.000534947    	4.1890136e-05
0.000535323    	4.2043487e-05
0.000535698    	4.2196929e-05
0.000536074    	4.2350470e-05
0.000536449    	4.2504112e-05
0.000536824    	4.2657856e-05
0.0005372      	4.2811691e-05
0.000537575    	4.2965611e-05
0.00053795     	4.3119610e-05
0.000538326    	4.3273685e-05
0.000538701    	4.3427803e-05
0.000539077    	4.3581975e-05
0.000539452    	4.3736205e-05
0.000539827    	4.3890520e-05
0.000540203    	4.4044938e-05
0.000540578    	4.4199468e-05
0.000540953    	4.4353962e-05
0.000541329    	4.4508548e-05
0.000541704    	4.4663148e-05
0.00054208     	4.4817767e-05
0.000542455    	4.4972479e-05
0.00054283     	4.5127332e-05
0.000543206    	4.5282250e-05
0.000543581    	4.5437147e-05
0.000543956    	4.5592006e-05
0.000544332    	4.5746848e-05
0.000544707    	4.5901743e-05
0.000545083    	4.6056708e-05
0.000545458    	4.6211753e-05
0.000545833    	4.6366857e-05
0.000546209    	4.6522013e-05
0.000546584    	4.6677213e-05
0.000546959    	4.6832455e-05
0.000547335    	4.6987730e-05
0.00054771     	4.7143036e-05
0.000548086    	4.7298367e-05
0.000548461    	4.7453726e-05
0.000548836    	4.7609116e-05
0.000549212    	4.7764536e-05
0.000549587    	4.7919980e-05
0.000549962    	4.8075438e-05
0.000550338    	4.8230898e-05
0.000550713    	4.8386358e-05
0.000551089    	4.8541820e-05
0.000551464    	4.8697287e-05
0.000551839    	4.8852754e-05
0.000552215    	4.9008214e-05
0.00055259     	4.9163667e-05
0.000552965    	4.9319113e-05
0.000553341    	4.9474551e-05
0.000553716    	4.9629974e-05
0.000554092    	4.9785381e-05
0.000554467    	4.9940764e-05
0.000554842    	5.0096112e-05
0.000555218    	5.0251415e-05
0.000555593    	5.0406686e-05
0.000555968    	5.0561934e-05
0.000556344    	5.0717128e-05
0.000556719    	5.0872235e-05
0.000557095    	5.1027256e-05
0.00055747     	5.1182250e-05
0.000557845    	5.1337224e-05
0.000558221    	5.1492159e-05
0.000558596    	5.1647018e-05
0.000558971    	5.1801793e-05
0.000559347    	5.1956467e-05
0.000559722    	5.2111043e-05
0.000560098    	5.2265544e-05
0.000560473    	5.2419989e-05
0.000560848    	5.2574374e-05
0.000561224    	5.2728674e-05
0.000561599    	5.2882963e-05
0.000561974    	5.3037264e-05
0.00056235     	5.3191475e-05
0.000562725    	5.3345536e-05
0.000563101    	5.3499460e-05
0.000563476    	5.3653273e-05
0.000563851    	5.3807013e-05
0.000564227    	5.3960664e-05
0.000564602    	5.4114257e-05
0.000564977    	5.4267795e-05
0.000565353    	5.4421226e-05
0.000565728    	5.4574594e-05
0.000566104    	5.4727863e-05
0.000566479    	5.4881046e-05
0.000566854    	5.5034158e-05
0.00056723     	5.5187137e-05
0.000567605    	5.5340021e-05
0.00056798     	5.5492814e-05
0.000568356    	5.5645460e-05
0.000568731    	5.5797975e-05
0.000569107    	5.5950332e-05
0.000569482    	5.6102558e-05
0.000569857    	5.6254642e-05
0.000570233    	5.6406568e-05
0.000570608    	5.6558360e-05
0.000570983    	5.6709990e-05
0.000571359    	5.6861479e-05
0.000571734    	5.7012798e-05
0.00057211     	5.7163909e-05
0.000572485    	5.7314845e-05
0.00057286     	5.7465665e-05
0.000573236    	5.7616405e-05
0.000573611    	5.7766984e-05
0.000573986    	5.7917342e-05
0.000574362    	5.8067469e-05
0.000574737    	5.8217425e-05
0.000575113    	5.8367283e-05
0.000575488    	5.8517104e-05
0.000575863    	5.8666777e-05
0.000576239    	5.8816214e-05
0.000576614    	5.8965390e-05
0.000576989    	5.9114355e-05
0.000577365    	5.9263146e-05
0.00057774     	5.9411803e-05
0.000578116    	5.9560285e-05
0.000578491    	5.9708612e-05
0.000578866    	5.9856660e-05
0.000579242    	6.0004498e-05
0.000579617    	6.0152159e-05
0.000579992    	6.0299669e-05
0.000580368    	6.0446986e-05
0.000580743    	6.0594058e-05
0.000581119    	6.0740822e-05
0.000581494    	6.0887319e-05
0.000581869    	6.1033650e-05
0.000582245    	6.1179889e-05
0.00058262     	6.1325954e-05
0.000582995    	6.1471795e-05
0.000583371    	6.1617281e-05
0.000583746    	6.1762467e-05
0.000584122    	6.1907503e-05
0.000584497    	6.2052401e-05
0.000584872    	6.2197055e-05
0.000585248    	6.2341375e-05
0.000585623    	6.2485275e-05
0.000585998    	6.2628917e-05
0.000586374    	6.2772476e-05
0.000586749    	6.2915864e-05
0.000587125    	6.3058930e-05
0.0005875      	6.3201556e-05
0.000587875    	6.3343745e-05
0.000588251    	6.3485766e-05
0.000588626    	6.3627746e-05
0.000589002    	6.3769469e-05
0.000589377    	6.3910787e-05
0.000589752    	6.4051651e-05
0.000590128    	6.4192144e-05
0.000590503    	6.4332583e-05
0.000590878    	6.4472950e-05
0.000591254    	6.4612929e-05
0.000591629    	6.4752483e-05
0.000592005    	6.4891560e-05
0.00059238     	6.5030333e-05
0.000592755    	6.5169145e-05
0.000593131    	6.5307792e-05
0.000593506    	6.5445984e-05
0.000593881    	6.5583706e-05
0.000594257    	6.5720952e-05
0.000594632    	6.5857978e-05
0.000595008    	6.5994919e-05
0.000595383    	6.6131626e-05
0.000595758    	6.6267863e-05
0.000596134    	6.6403593e-05
0.000596509    	6.6538917e-05
0.000596884    	6.6673950e-05
0.00059726     	6.6808963e-05
0.000597635    	6.6943668e-05
0.000598011    	6.7077821e-05
0.000598386    	6.7211437e-05
0.000598761    	6.7344710e-05
0.000599137    	6.7477837e-05
0.000599512    	6.7610875e-05
0.000599887    	6.7743484e-05
0.000600263    	6.7875437e-05
0.000600638    	6.8007002e-05
0.000601014    	6.8138237e-05
0.000601389    	6.8269198e-05
0.000601764    	6.8399989e-05
0.00060214     	6.8530442e-05
0.000602515    	6.8660424e-05
0.00060289     	6.8790127e-05
0.000603266    	6.8919420e-05
0.000603641    	6.9048276e-05
0.000604017    	6.9176725e-05
0.000604392    	6.9304944e-05
0.000604767    	6.9432910e-05
0.000605143    	6.9560544e-05
0.000605518    	6.9687685e-05
0.000605893    	6.9814330e-05
0.000606269    	6.9940543e-05
0.000606644    	7.0066524e-05
0.00060702     	7.0192062e-05
0.000607395    	7.0317164e-05
0.00060777     	7.0441918e-05
0.000608146    	7.0566211e-05
0.000608521    	7.0690065e-05
0.000608896    	7.0813482e-05
0.000609272    	7.0936388e-05
0.000609647    	7.1059004e-05
0.000610023    	7.1181372e-05
0.000610398    	7.1303249e-05
0.000610773    	7.1424409e-05
0.000611149    	7.1544946e-05
0.000611524    	7.1665239e-05
0.000611899    	7.1785445e-05
0.000612275    	7.1905323e-05
0.00061265     	7.2024565e-05
0.000613026    	7.2143023e-05
0.000613401    	7.2260878e-05
0.000613776    	7.2378689e-05
0.000614152    	7.2496388e-05
0.000614527    	7.2613745e-05
0.000614902    	7.2730281e-05
0.000615278    	7.2845934e-05
0.000615653    	7.2961085e-05
0.000616029    	7.3076197e-05
0.000616404    	7.3191134e-05
0.000616779    	7.3305676e-05
0.000617155    	7.3419484e-05
0.00061753     	7.3532502e-05
0.000617905    	7.3645071e-05
0.000618281    	7.3757485e-05
0.000618656    	7.3869492e-05
0.000619032    	7.3980970e-05
0.000619407    	7.4091947e-05
0.000619782    	7.4202318e-05
0.000620158    	7.4312258e-05
0.000620533    	7.4421773e-05
0.000620908    	7.4530711e-05
0.000621284    	7.4639118e-05
0.000621659    	7.4747274e-05
0.000622035    	7.4854994e-05
0.00062241     	7.4962141e-05
0.000622785    	7.5068680e-05
0.000623161    	7.5174578e-05
0.000623536    	7.5280188e-05
0.000623911    	7.5385425e-05
0.000624287    	7.5490261e-05
0.000624662    	7.5594595e-05
0.000625038    	7.5698231e-05
0.000625413    	7.5801263e-05
0.000625788    	7.5903996e-05
0.000626164    	7.6006337e-05
0.000626539    	7.6108168e-05
0.000626914    	7.6209481e-05
0.00062729     	7.6310196e-05
0.000627665    	7.6410536e-05
0.000628041    	7.6510562e-05
0.000628416    	7.6610058e-05
0.000628791    	7.6709000e-05
0.000629167    	7.6807421e-05
0.000629542    	7.6905311e-05
0.000629917    	7.7002947e-05
0.000630293    	7.7100198e-05
0.000630668    	7.7196837e-05
0.000631044    	7.7292905e-05
0.000631419    	7.7388445e-05
0.000631794    	7.7483541e-05
0.00063217     	7.7578353e-05
0.000632545    	7.7672691e-05
0.00063292     	7.7766474e-05
0.000633296    	7.7859730e-05
0.000633671    	7.7952520e-05
0.000634047    	7.8044908e-05
0.000634422    	7.8136874e-05
0.000634797    	7.8228345e-05
0.000635173    	7.8319291e-05
0.000635548    	7.8409722e-05
0.000635923    	7.8499661e-05
0.000636299    	7.8589143e-05
0.000636674    	7.8678166e-05
0.00063705     	7.8766711e-05
0.000637425    	7.8854771e-05
0.0006378      	7.8942321e-05
0.000638176    	7.9029386e-05
0.000638551    	7.9115984e-05
0.000638926    	7.9202088e-05
0.000639302    	7.9287711e-05
0.000639677    	7.9372838e-05
0.000640053    	7.9457461e-05
0.000640428    	7.9541592e-05
0.000640803    	7.9625259e-05
0.000641179    	7.9708456e-05
0.000641554    	7.9791147e-05
0.000641929    	7.9873327e-05
0.000642305    	7.9954986e-05
0.00064268     	8.0036223e-05
0.000643056    	8.0116960e-05
0.000643431    	8.0197102e-05
0.000643806    	8.0276635e-05
0.000644182    	8.0355717e-05
0.000644557    	8.0434374e-05
0.000644932    	8.0512536e-05
0.000645308    	8.0590038e-05
0.000645683    	8.0667015e-05
0.000646059    	8.0743498e-05
0.000646434    	8.0819548e-05
0.000646809    	8.0894909e-05
0.000647185    	8.0969792e-05
0.00064756     	8.1044084e-05
0.000647935    	8.1118005e-05
0.000648311    	8.1191304e-05
0.000648686    	8.1264116e-05
0.000649062    	8.1336313e-05
0.000649437    	8.1408106e-05
0.000649812    	8.1479374e-05
0.000650188    	8.1550161e-05
0.000650563    	8.1620450e-05
0.000650938    	8.1690195e-05
0.000651314    	8.1759533e-05
0.000651689    	8.1828310e-05
0.000652065    	8.1896658e-05
0.00065244     	8.1964461e-05
0.000652815    	8.2031778e-05
0.000653191    	8.2098672e-05
0.000653566    	8.2165011e-05
0.000653941    	8.2230871e-05
0.000654317    	8.2296271e-05
0.000654692    	8.2361144e-05
0.000655068    	8.2425505e-05
0.000655443    	8.2489354e-05
0.000655818    	8.2552661e-05
0.000656194    	8.2615467e-05
0.000656569    	8.2677767e-05
0.000656944    	8.2739561e-05
0.00065732     	8.2800846e-05
0.000657695    	8.2861627e-05
0.000658071    	8.2921894e-05
0.000658446    	8.2981666e-05
0.000658821    	8.3040948e-05
0.000659197    	8.3099754e-05
0.000659572    	8.3158107e-05
0.000659947    	8.3216008e-05
0.000660323    	8.3273442e-05
0.000660698    	8.3330393e-05
0.000661074    	8.3386859e-05
0.000661449    	8.3442828e-05
0.000661824    	8.3498310e-05
0.0006622      	8.3553317e-05
0.000662575    	8.3607844e-05
0.00066295     	8.3661888e-05
0.000663326    	8.3715442e-05
0.000663701    	8.3768497e-05
0.000664077    	8.3821028e-05
0.000664452    	8.3873041e-05
0.000664827    	8.3924510e-05
0.000665203    	8.3975475e-05
0.000665578    	8.4025902e-05
0.000665953    	8.4075820e-05
0.000666329    	8.4125195e-05
0.000666704    	8.4174018e-05
0.00066708     	8.4222308e-05
0.000667455    	8.4270017e-05
0.00066783     	8.4317219e-05
0.000668206    	8.4363880e-05
0.000668581    	8.4410053e-05
0.000668956    	8.4455673e-05
0.000669332    	8.4500751e-05
0.000669707    	8.4545332e-05
0.000670083    	8.4589364e-05
0.000670458    	8.4632852e-05
0.000670833    	8.4675780e-05
0.000671209    	8.4718167e-05
0.000671584    	8.4760121e-05
0.000671959    	8.4801539e-05
0.000672335    	8.4842450e-05
0.00067271     	8.4882820e-05
0.000673086    	8.4922652e-05
0.000673461    	8.4961944e-05
0.000673836    	8.5000689e-05
0.000674212    	8.5038891e-05
0.000674587    	8.5076576e-05
0.000674962    	8.5113768e-05
0.000675338    	8.5150466e-05
0.000675713    	8.5186679e-05
0.000676089    	8.5222386e-05
0.000676464    	8.5257599e-05
0.000676839    	8.5292272e-05
0.000677215    	8.5326448e-05
0.00067759     	8.5360089e-05
0.000677965    	8.5393235e-05
0.000678341    	8.5425860e-05
0.000678716    	8.5457978e-05
0.000679092    	8.5489589e-05
0.000679467    	8.5520690e-05
0.000679842    	8.5551268e-05
0.000680218    	8.5581320e-05
0.000680593    	8.5610830e-05
0.000680968    	8.5639855e-05
0.000681344    	8.5668361e-05
0.000681719    	8.5696409e-05
0.000682095    	8.5723977e-05
0.00068247     	8.5751101e-05
0.000682845    	8.5777773e-05
0.000683221    	8.5803972e-05
0.000683596    	8.5829782e-05
0.000683971    	8.5855111e-05
0.000684347    	8.5880068e-05
0.000684722    	8.5904587e-05
0.000685098    	8.5928697e-05
0.000685473    	8.5952467e-05
0.000685848    	8.5975808e-05
0.000686224    	8.5998818e-05
0.000686599    	8.6021438e-05
0.000686974    	8.6043697e-05
0.00068735     	8.6065586e-05
0.000687725    	8.6087116e-05
0.000688101    	8.6108288e-05
0.000688476    	8.6129108e-05
0.000688851    	8.6149580e-05
0.000689227    	8.6169705e-05
0.000689602    	8.6189482e-05
0.000689977    	8.6208912e-05
0.000690353    	8.6228001e-05
0.000690728    	8.6246752e-05
0.000691104    	8.6265174e-05
0.000691479    	8.6283271e-05
0.000691854    	8.6301046e-05
0.00069223     	8.6318495e-05
0.000692605    	8.6335615e-05
0.00069298     	8.6352407e-05
0.000693356    	8.6368873e-05
0.000693731    	8.6385009e-05
0.000694107    	8.6400813e-05
0.000694482    	8.6416281e-05
0.000694857    	8.6431410e-05
0.000695233    	8.6446198e-05
0.000695608    	8.6460639e-05
0.000695983    	8.6474732e-05
0.000696359    	8.6488469e-05
0.000696734    	8.6501847e-05
0.00069711     	8.6514862e-05
0.000697485    	8.6527510e-05
0.00069786     	8.6539790e-05
0.000698236    	8.6551698e-05
0.000698611    	8.6563231e-05
0.000698986    	8.6574387e-05
0.000699362    	8.6585168e-05
0.000699737    	8.6595568e-05
0.000700113    	8.6605593e-05
0.000700488    	8.6615242e-05
0.000700864    	8.6624519e-05
0.000701239    	8.6633428e-05
0.000701615    	8.6641964e-05
0.00070199     	8.6650136e-05
0.000702366    	8.6657945e-05
0.000702741    	8.6665392e-05
0.000703117    	8.6672479e-05
0.000703492    	8.6679208e-05
0.000703868    	8.6685581e-05
0.000704243    	8.6691604e-05
0.000704619    	8.6697276e-05
0.000704994    	8.6702609e-05
0.00070537     	8.6707593e-05
0.000705745    	8.6712253e-05
0.000706121    	8.6716571e-05
0.000706496    	8.6720571e-05
0.000706872    	8.6724237e-05
0.000707247    	8.6727559e-05
0.000707623    	8.6730607e-05
0.000707998    	8.6733286e-05
0.000708374    	8.6735639e-05
0.00070875     	8.6737729e-05
0.000709125    	8.6739419e-05
0.000709501    	8.6740810e-05
0.000709876    	8.6741948e-05
0.000710252    	8.6742655e-05
0.000710627    	8.6743084e-05
0.000711003    	8.6743216e-05
0.000711378    	8.6742911e-05
0.000711754    	8.6742399e-05
0.000712129    	8.6741543e-05
0.000712505    	8.6740315e-05
0.00071288     	8.6738876e-05
0.000713256    	8.6737008e-05
0.000713631    	8.6734862e-05
0.000714007    	8.6732423e-05
0.000714382    	8.6729529e-05
0.000714758    	8.6726441e-05
0.000715133    	8.6722949e-05
0.000715509    	8.6719092e-05
0.000715884    	8.6715053e-05
0.00071626     	8.6710540e-05
0.000716635    	8.6705753e-05
0.000717011    	8.6700692e-05
0.000717386    	8.6695272e-05
0.000717762    	8.6689615e-05
0.000718137    	8.6683606e-05
0.000718513    	8.6677261e-05
0.000718888    	8.6670659e-05
0.000719264    	8.6663769e-05
0.00071964     	8.6656551e-05
0.000720015    	8.6649095e-05
0.000720391    	8.6641336e-05
0.000720766    	8.6633266e-05
0.000721142    	8.6624950e-05
0.000721517    	8.6616306e-05
0.000721893    	8.6607460e-05
0.000722268    	8.6598287e-05
0.000722644    	8.6588910e-05
0.000723019    	8.6579224e-05
0.000723395    	8.6569294e-05
0.00072377     	8.6559099e-05
0.000724146    	8.6548641e-05
0.000724521    	8.6537939e-05
0.000724897    	8.6526975e-05
0.000725272    	8.6515784e-05
0.000725648    	8.6504313e-05
0.000726023    	8.6492610e-05
0.000726399    	8.6480637e-05
0.000726774    	8.6468420e-05
0.00072715     	8.6455935e-05
0.000727525    	8.6443203e-05
0.000727901    	8.6430199e-05
0.000728276    	8.6416941e-05
0.000728652    	8.6403405e-05
0.000729027    	8.6389609e-05
0.000729403    	8.6375538e-05
0.000729778    	8.6361198e-05
0.000730154    	8.6346591e-05
0.000730529    	8.6331717e-05
0.000730905    	8.6316587e-05
0.000731281    	8.6301192e-05
0.000731656    	8.6285551e-05
0.000732032    	8.6269619e-05
0.000732407    	8.6253460e-05
0.000732783    	8.6236977e-05
0.000733158    	8.6220261e-05
0.000733534    	8.6203234e-05
0.000733909    	8.6185952e-05
0.000734285    	8.6168390e-05
0.00073466     	8.6150545e-05
0.000735036    	8.6132432e-05
0.000735411    	8.6114035e-05
0.000735787    	8.6095349e-05
0.000736162    	8.6076395e-05
0.000736538    	8.6057134e-05
0.000736913    	8.6037607e-05
0.000737289    	8.6017780e-05
0.000737664    	8.5997667e-05
0.00073804     	8.5977276e-05
0.000738415    	8.5956574e-05
0.000738791    	8.5935608e-05
0.000739166    	8.5914339e-05
0.000739542    	8.5892845e-05
0.000739917    	8.5871073e-05
0.000740293    	8.5848987e-05
0.000740668    	8.5826524e-05
0.000741044    	8.5803792e-05
0.000741419    	8.5780834e-05
0.000741795    	8.5757600e-05
0.00074217     	8.5734032e-05
0.000742546    	8.5710176e-05
0.000742922    	8.5686002e-05
0.000743297    	8.5661543e-05
0.000743673    	8.5636792e-05
0.000744048    	8.5611783e-05
0.000744424    	8.5586481e-05
0.000744799    	8.5560964e-05
0.000745175    	8.5535213e-05
0.00074555     	8.5509136e-05
0.000745926    	8.5482696e-05
0.000746301    	8.5455947e-05
0.000746677    	8.5428930e-05
0.000747052    	8.5401656e-05
0.000747428    	8.5374161e-05
0.000747803    	8.5346404e-05
0.000748179    	8.5318385e-05
0.000748554    	8.5290076e-05
0.00074893     	8.5261468e-05
0.000749305    	8.5232554e-05
0.000749681    	8.5203333e-05
0.000750056    	8.5173844e-05
0.000750432    	8.5144077e-05
0.000750807    	8.5114040e-05
0.000751183    	8.5083738e-05
0.000751558    	8.5053174e-05
0.000751934    	8.5022379e-05
0.000752309    	8.4991340e-05
0.000752685    	8.4960040e-05
0.00075306     	8.4928457e-05
0.000753436    	8.4896581e-05
0.000753811    	8.4864442e-05
0.000754187    	8.4832040e-05
0.000754563    	8.4799372e-05
0.000754938    	8.4766428e-05
0.000755314    	8.4733241e-05
0.000755689    	8.4699810e-05
0.000756065    	8.4666151e-05
0.00075644     	8.4632262e-05
0.000756816    	8.4598122e-05
0.000757191    	8.4563747e-05
0.000757567    	8.4529106e-05
0.000757942    	8.4494230e-05
0.000758318    	8.4459114e-05
0.000758693    	8.4423744e-05
0.000759069    	8.4388162e-05
0.000759444    	8.4352325e-05
0.00075982     	8.4316262e-05
0.000760195    	8.4279973e-05
0.000760571    	8.4243423e-05
0.000760946    	8.4206669e-05
0.000761322    	8.4169665e-05
0.000761697    	8.4132434e-05
0.000762073    	8.4094972e-05
0.000762448    	8.4057237e-05
0.000762824    	8.4019309e-05
0.000763199    	8.3981144e-05
0.000763575    	8.3942798e-05
0.00076395     	8.3904285e-05
0.000764326    	8.3865554e-05
0.000764701    	8.3826687e-05
0.000765077    	8.3787612e-05
0.000765452    	8.3748390e-05
0.000765828    	8.3709026e-05
0.000766204    	8.3669479e-05
0.000766579    	8.3629833e-05
0.000766955    	8.3590006e-05
0.00076733     	8.3550067e-05
0.000767706    	8.3509981e-05
0.000768081    	8.3469736e-05
0.000768457    	8.3429390e-05
0.000768832    	8.3388887e-05
0.000769208    	8.3348328e-05
0.000769583    	8.3307653e-05
0.000769959    	8.3266912e-05
0.000770334    	8.3226094e-05
0.00077071     	8.3185190e-05
0.000771085    	8.3144251e-05
0.000771461    	8.3103222e-05
0.000771836    	8.3062172e-05
0.000772212    	8.3021030e-05
0.000772587    	8.2979861e-05
0.000772963    	8.2938622e-05
0.000773338    	8.2897335e-05
0.000773714    	8.2855989e-05
0.000774089    	8.2814586e-05
0.000774465    	8.2773164e-05
0.00077484     	8.2731699e-05
0.000775216    	8.2690243e-05
0.000775591    	8.2648739e-05
0.000775967    	8.2607250e-05
0.000776342    	8.2565722e-05
0.000776718    	8.2524215e-05
0.000777094    	8.2482677e-05
0.000777469    	8.2441148e-05
0.000777845    	8.2399580e-05
0.00077822     	8.2358003e-05
0.000778596    	8.2316387e-05
0.000778971    	8.2274742e-05
0.000779347    	8.2233049e-05
0.000779722    	8.2191319e-05
0.000780098    	8.2149558e-05
0.000780473    	8.2107777e-05
0.000780849    	8.2065982e-05
0.000781224    	8.2024151e-05
0.0007816      	8.1982297e-05
0.000781975    	8.1940400e-05
0.000782351    	8.1898482e-05
0.000782726    	8.1856514e-05
0.000783102    	8.1814523e-05
0.000783477    	8.1772473e-05
0.000783853    	8.1730387e-05
0.000784228    	8.1688227e-05
0.000784604    	8.1646028e-05
0.000784979    	8.1603749e-05
0.000785355    	8.1561425e-05
0.00078573     	8.1519024e-05
0.000786106    	8.1476593e-05
0.000786481    	8.1434103e-05
0.000786857    	8.1391602e-05
0.000787232    	8.1349053e-05
0.000787608    	8.1306504e-05
0.000787983    	8.1263925e-05
0.000788359    	8.1221362e-05
0.000788735    	8.1178778e-05
0.00078911     	8.1136227e-05
0.000789486    	8.1093664e-05
0.000789861    	8.1051142e-05
0.000790237    	8.1008631e-05
0.000790612    	8.0966188e-05
0.000790988    	8.0923776e-05
0.000791363    	8.0881457e-05
0.000791739    	8.0839198e-05
0.000792114    	8.0797073e-05
0.00079249     	8.0755059e-05
0.000792865    	8.0713222e-05
0.000793241    	8.0671531e-05
0.000793616    	8.0630052e-05
0.000793992    	8.0588759e-05
0.000794367    	8.0547721e-05
0.000794743    	8.0506916e-05
0.000795118    	8.0466401e-05
0.000795494    	8.0426147e-05
0.000795869    	8.0386204e-05
0.000796245    	8.0346549e-05
0.00079662     	8.0307233e-05
0.000796996    	8.0268238e-05
0.000797371    	8.0229601e-05
0.000797747    	8.0191308e-05
0.000798122    	8.0153393e-05
0.000798498    	8.0115860e-05
0.000798873    	8.0078739e-05
0.000799249    	8.0042031e-05
0.000799624    	8.0005754e-05
0.0008         	7.9969916e-05
0.000800376    	7.9934518e-05
0.000800751    	7.9899591e-05
0.000801127    	7.9865137e-05
0.000801502    	7.9831146e-05
0.000801878    	7.9797610e-05
0.000802253    	7.9764547e-05
0.000802629    	7.9731957e-05
0.000803004    	7.9699841e-05
0.00080338     	7.9668165e-05
0.000803755    	7.9636958e-05
0.000804131    	7.9606207e-05
0.000804506    	7.9575922e-05
0.000804882    	7.9546079e-05
0.000805257    	7.9516713e-05
0.000805633    	7.9487790e-05
0.000806008    	7.9459343e-05
0.000806384    	7.9431349e-05
0.000806759    	7.9403847e-05
0.000807135    	7.9376792e-05
0.00080751     	7.9350199e-05
0.000807886    	7.9324017e-05
0.000808261    	7.9298258e-05
0.000808637    	7.9272894e-05
0.000809012    	7.9247961e-05
0.000809388    	7.9223410e-05
0.000809763    	7.9199259e-05
0.000810139    	7.9175478e-05
0.000810514    	7.9152085e-05
0.00081089     	7.9129066e-05
0.000811265    	7.9106447e-05
0.000811641    	7.9084221e-05
0.000812017    	7.9062399e-05
0.000812392    	7.9040973e-05
0.000812768    	7.9019944e-05
0.000813143    	7.8999302e-05
0.000813519    	7.8979040e-05
0.000813894    	7.8959148e-05
0.00081427     	7.8939611e-05
0.000814645    	7.8920427e-05
0.000815021    	7.8901586e-05
0.000815396    	7.8883091e-05
0.000815772    	7.8864936e-05
0.000816147    	7.8847136e-05
0.000816523    	7.8829674e-05
0.000816898    	7.8812564e-05
0.000817274    	7.8795793e-05
0.000817649    	7.8779375e-05
0.000818025    	7.8763287e-05
0.0008184      	7.8747546e-05
0.000818776    	7.8732132e-05
0.000819151    	7.8717059e-05
0.000819527    	7.8702306e-05
0.000819902    	7.8687892e-05
0.000820278    	7.8673797e-05
0.000820653    	7.8660033e-05
0.000821029    	7.8646580e-05
0.000821404    	7.8633454e-05
0.00082178     	7.8620637e-05
0.000822155    	7.8608147e-05
0.000822531    	7.8595958e-05
0.000822906    	7.8584080e-05
0.000823282    	7.8572489e-05
0.000823658    	7.8561198e-05
0.000824033    	7.8550184e-05
0.000824409    	7.8539460e-05
0.000824784    	7.8529016e-05
0.00082516     	7.8518865e-05
0.000825535    	7.8509005e-05
0.000825911    	7.8499429e-05
0.000826286    	7.8490137e-05
0.000826662    	7.8481114e-05
0.000827037    	7.8472361e-05
0.000827413    	7.8463863e-05
0.000827788    	7.8455607e-05
0.000828164    	7.8447585e-05
0.000828539    	7.8439781e-05
0.000828915    	7.8432195e-05
0.00082929     	7.8424815e-05
0.000829666    	7.8417634e-05
0.000830041    	7.8410659e-05
0.000830417    	7.8403897e-05
0.000830792    	7.8397348e-05
0.000831168    	7.8391014e-05
0.000831543    	7.8384890e-05
0.000831919    	7.8378975e-05
0.000832294    	7.8373266e-05
0.00083267     	7.8367751e-05
0.000833045    	7.8362418e-05
0.000833421    	7.8357256e-05
0.000833796    	7.8352252e-05
0.000834172    	7.8347400e-05
0.000834548    	7.8342681e-05
0.000834923    	7.8338168e-05
0.000835299    	7.8333867e-05
0.000835674    	7.8329663e-05
0.00083605     	7.8325572e-05
0.000836425    	7.8321659e-05
0.000836801    	7.8317939e-05
0.000837176    	7.8314406e-05
0.000837552    	7.8311064e-05
0.000837927    	7.8307911e-05
0.000838303    	7.8304940e-05
0.000838678    	7.8302139e-05
0.000839054    	7.8299499e-05
0.000839429    	7.8297015e-05
0.000839805    	7.8294685e-05
0.00084018     	7.8292504e-05
0.000840556    	7.8290472e-05
0.000840931    	7.8288595e-05
0.000841307    	7.8286886e-05
0.000841682    	7.8285353e-05
0.000842058    	7.8284003e-05
0.000842433    	7.8282840e-05
0.000842809    	7.8281863e-05
0.000843184    	7.8281079e-05
0.00084356     	7.8280494e-05
0.000843935    	7.8280113e-05
0.000844311    	7.8279938e-05
0.000844686    	7.8279967e-05
0.000845062    	7.8280201e-05
0.000845437    	7.8280637e-05
0.000845813    	7.8281274e-05
0.000846189    	7.8282111e-05
0.000846564    	7.8283158e-05
0.00084694     	7.8284432e-05
0.000847315    	7.8285943e-05
0.000847691    	7.8287683e-05
0.000848066    	7.8289646e-05
0.000848442    	7.8291833e-05
0.000848817    	7.8294244e-05
0.000849193    	7.8296868e-05
0.000849568    	7.8299695e-05
0.000849944    	7.8302722e-05
0.000850319    	7.8305937e-05
0.000850695    	7.8309330e-05
0.00085107     	7.8312892e-05
0.000851446    	7.8316611e-05
0.000851821    	7.8320472e-05
0.000852197    	7.8324465e-05
0.000852572    	7.8328584e-05
0.000852948    	7.8332831e-05
0.000853323    	7.8337200e-05
0.000853699    	7.8341683e-05
0.000854074    	7.8346281e-05
0.00085445     	7.8350994e-05
0.000854825    	7.8355817e-05
0.000855201    	7.8360741e-05
0.000855576    	7.8365758e-05
0.000855952    	7.8370862e-05
0.000856327    	7.8376047e-05
0.000856703    	7.8381306e-05
0.000857078    	7.8386633e-05
0.000857454    	7.8392023e-05
0.00085783     	7.8397465e-05
0.000858205    	7.8402954e-05
0.000858581    	7.8408493e-05
0.000858956    	7.8414087e-05
0.000859332    	7.8419741e-05
0.000859707    	7.8425450e-05
0.000860083    	7.8431211e-05
0.000860458    	7.8437022e-05
0.000860834    	7.8442883e-05
0.000861209    	7.8448790e-05
0.000861585    	7.8454740e-05
0.00086196     	7.8460730e-05
0.000862336    	7.8466756e-05
0.000862711    	7.8472811e-05
0.000863087    	7.8478893e-05
0.000863462    	7.8484997e-05
0.000863838    	7.8491117e-05
0.000864213    	7.8497249e-05
0.000864589    	7.8503392e-05
0.000864964    	7.8509551e-05
0.00086534     	7.8515732e-05
0.000865715    	7.8521940e-05
0.000866091    	7.8528173e-05
0.000866466    	7.8534432e-05
0.000866842    	7.8540721e-05
0.000867217    	7.8547036e-05
0.000867593    	7.8553379e-05
0.000867968    	7.8559748e-05
0.000868344    	7.8566140e-05
0.000868719    	7.8572554e-05
0.000869095    	7.8578991e-05
0.000869471    	7.8585458e-05
0.000869846    	7.8591953e-05
0.000870222    	7.8598476e-05
0.000870597    	7.8605030e-05
0.000870973    	7.8611622e-05
0.000871348    	7.8618265e-05
0.000871724    	7.8624968e-05
0.000872099    	7.8631738e-05
0.000872475    	7.8638580e-05
0.00087285     	7.8645500e-05
0.000873226    	7.8652506e-05
0.000873601    	7.8659604e-05
0.000873977    	7.8666798e-05
0.000874352    	7.8674090e-05
0.000874728    	7.8681482e-05
0.000875103    	7.8688978e-05
0.000875479    	7.8696583e-05
0.000875854    	7.8704303e-05
0.00087623     	7.8712141e-05
0.000876605    	7.8720102e-05
0.000876981    	7.8728193e-05
0.000877356    	7.8736423e-05
0.000877732    	7.8744799e-05
0.000878107    	7.8753328e-05
0.000878483    	7.8762014e-05
0.000878858    	7.8770865e-05
0.000879234    	7.8779881e-05
0.000879609    	7.8789065e-05
0.000879985    	7.8798417e-05
0.00088036     	7.8807938e-05
0.000880736    	7.8817628e-05
0.000881112    	7.8827489e-05
0.000881487    	7.8837522e-05
0.000881863    	7.8847725e-05
0.000882238    	7.8858096e-05
0.000882614    	7.8868636e-05
0.000882989    	7.8879345e-05
0.000883365    	7.8890226e-05
0.00088374     	7.8901282e-05
0.000884116    	7.8912514e-05
0.000884491    	7.8923921e-05
0.000884867    	7.8935502e-05
0.000885242    	7.8947252e-05
0.000885618    	7.8959163e-05
0.000885993    	7.8971231e-05
0.000886369    	7.8983448e-05
0.000886744    	7.8995811e-05
0.00088712     	7.9008313e-05
0.000887495    	7.9020949e-05
0.000887871    	7.9033716e-05
0.000888246    	7.9046608e-05
0.000888622    	7.9059621e-05
0.000888997    	7.9072753e-05
0.000889373    	7.9086002e-05
0.000889748    	7.9099365e-05
0.000890124    	7.9112837e-05
0.000890499    	7.9126412e-05
0.000890875    	7.9140083e-05
0.00089125     	7.9153842e-05
0.000891626    	7.9167682e-05
0.000892002    	7.9181596e-05
0.000892377    	7.9195580e-05
0.000892753    	7.9209626e-05
0.000893128    	7.9223732e-05
0.000893504    	7.9237894e-05
0.000893879    	7.9252108e-05
0.000894255    	7.9266372e-05
0.00089463     	7.9280684e-05
0.000895006    	7.9295044e-05
0.000895381    	7.9309450e-05
0.000895757    	7.9323900e-05
0.000896132    	7.9338391e-05
0.000896508    	7.9352920e-05
0.000896883    	7.9367484e-05
0.000897259    	7.9382082e-05
0.000897634    	7.9396712e-05
0.00089801     	7.9411375e-05
0.000898385    	7.9426070e-05
0.000898761    	7.9440799e-05
0.000899136    	7.9455565e-05
0.000899512    	7.9470370e-05
0.000899887    	7.9485216e-05
0.000900263    	7.9500108e-05
0.000900638    	7.9515049e-05
0.000901014    	7.9530042e-05
0.000901389    	7.9545089e-05
0.000901765    	7.9560194e-05
0.00090214     	7.9575358e-05
0.000902516    	7.9590585e-05
0.000902891    	7.9605876e-05
0.000903267    	7.9621235e-05
0.000903643    	7.9636666e-05
0.000904018    	7.9652172e-05
0.000904394    	7.9667757e-05
0.000904769    	7.9683423e-05
0.000905145    	7.9699173e-05
0.00090552     	7.9715011e-05
0.000905896    	7.9730936e-05
0.000906271    	7.9746951e-05
0.000906647    	7.9763055e-05
0.000907022    	7.9779248e-05
0.000907398    	7.9795530e-05
0.000907773    	7.9811899e-05
0.000908149    	7.9828352e-05
0.000908524    	7.9844889e-05
0.0009089      	7.9861508e-05
0.000909275    	7.9878206e-05
0.000909651    	7.9894982e-05
0.000910026    	7.9911830e-05
0.000910402    	7.9928747e-05
0.000910777    	7.9945727e-05
0.000911153    	7.9962766e-05
0.000911528    	7.9979857e-05
0.000911904    	7.9996996e-05
0.000912279    	8.0014176e-05
0.000912655    	8.0031392e-05
0.00091303     	8.0048637e-05
0.000913406    	8.0065906e-05
0.000913781    	8.0083193e-05
0.000914157    	8.0100494e-05
0.000914532    	8.0117801e-05
0.000914908    	8.0135110e-05
0.000915284    	8.0152415e-05
0.000915659    	8.0169709e-05
0.000916035    	8.0186988e-05
0.00091641     	8.0204247e-05
0.000916786    	8.0221480e-05
0.000917161    	8.0238682e-05
0.000917537    	8.0255850e-05
0.000917912    	8.0272978e-05
0.000918288    	8.0290062e-05
0.000918663    	8.0307097e-05
0.000919039    	8.0324080e-05
0.000919414    	8.0341006e-05
0.00091979     	8.0357871e-05
0.000920165    	8.0374671e-05
0.000920541    	8.0391404e-05
0.000920916    	8.0408063e-05
0.000921292    	8.0424644e-05
0.000921667    	8.0441145e-05
0.000922043    	8.0457566e-05
0.000922418    	8.0473906e-05
0.000922794    	8.0490165e-05
0.000923169    	8.0506340e-05
0.000923545    	8.0522425e-05
0.00092392     	8.0538418e-05
0.000924296    	8.0554315e-05
0.000924671    	8.0570111e-05
0.000925047    	8.0585807e-05
0.000925422    	8.0601399e-05
0.000925798    	8.0616888e-05
0.000926173    	8.0632270e-05
0.000926549    	8.0647547e-05
0.000926925    	8.0662716e-05
0.0009273      	8.0677775e-05
0.000927676    	8.0692723e-05
0.000928051    	8.0707558e-05
0.000928427    	8.0722279e-05
0.000928802    	8.0736883e-05
0.000929178    	8.0751369e-05
0.000929553    	8.0765732e-05
0.000929929    	8.0779971e-05
0.000930304    	8.0794080e-05
0.00093068     	8.0808056e-05
0.000931055    	8.0821897e-05
0.000931431    	8.0835600e-05
0.000931806    	8.0849159e-05
0.000932182    	8.0862624e-05
0.000932557    	8.0875982e-05
0.000932933    	8.0889129e-05
0.000933308    	8.0902078e-05
0.000933684    	8.0914898e-05
0.000934059    	8.0927555e-05
0.000934435    	8.0940034e-05
0.00093481     	8.0952371e-05
0.000935186    	8.0964558e-05
0.000935561    	8.0976550e-05
0.000935937    	8.0988344e-05
0.000936312    	8.0999961e-05
0.000936688    	8.1011387e-05
0.000937063    	8.1022600e-05
0.000937439    	8.1033599e-05
0.000937814    	8.1044389e-05
0.00093819     	8.1054963e-05
0.000938566    	8.1065319e-05
0.000938941    	8.1075456e-05
0.000939317    	8.1085369e-05
0.000939692    	8.1095047e-05
0.000940068    	8.1104483e-05
0.000940443    	8.1113674e-05
0.000940819    	8.1122616e-05
0.000941194    	8.1131304e-05
0.00094157     	8.1139734e-05
0.000941945    	8.1147898e-05
0.000942321    	8.1155788e-05
0.000942696    	8.1163409e-05
0.000943072    	8.1170780e-05
0.000943447    	8.1177867e-05
0.000943823    	8.1184617e-05
0.000944198    	8.1191051e-05
0.000944574    	8.1197187e-05
0.000944949    	8.1203037e-05
0.000945325    	8.1208618e-05
0.0009457      	8.1213930e-05
0.000946076    	8.1218962e-05
0.000946451    	8.1223709e-05
0.000946827    	8.1228149e-05
0.000947202    	8.1232264e-05
0.000947578    	8.1236077e-05
0.000947953    	8.1239620e-05
0.000948329    	8.1242893e-05
0.000948704    	8.1245885e-05
0.00094908     	8.1248599e-05
0.000949456    	8.1251037e-05
0.000949831    	8.1253200e-05
0.000950207    	8.1255091e-05
0.000950582    	8.1256711e-05
0.000950958    	8.1258061e-05
0.000951333    	8.1259143e-05
0.000951709    	8.1259959e-05
0.000952084    	8.1260511e-05
0.00095246     	8.1260802e-05
0.000952835    	8.1260837e-05
0.000953211    	8.1260620e-05
0.000953586    	8.1260154e-05
0.000953962    	8.1259440e-05
0.000954337    	8.1258481e-05
0.000954713    	8.1257278e-05
0.000955088    	8.1255835e-05
0.000955464    	8.1254154e-05
0.000955839    	8.1252237e-05
0.000956215    	8.1250088e-05
0.00095659     	8.1247712e-05
0.000956966    	8.1245109e-05
0.000957341    	8.1242281e-05
0.000957717    	8.1239227e-05
0.000958092    	8.1235947e-05
0.000958468    	8.1232438e-05
0.000958843    	8.1228693e-05
0.000959219    	8.1224709e-05
0.000959594    	8.1220491e-05
0.00095997     	8.1216102e-05
0.000960345    	8.1211497e-05
0.000960721    	8.1206579e-05
0.000961097    	8.1201388e-05
0.000961472    	8.1195970e-05
0.000961848    	8.1190317e-05
0.000962223    	8.1184412e-05
0.000962599    	8.1178251e-05
0.000962974    	8.1171831e-05
0.00096335     	8.1165141e-05
0.000963725    	8.1158172e-05
0.000964101    	8.1150926e-05
0.000964476    	8.1143393e-05
0.000964852    	8.1135566e-05
0.000965227    	8.1127444e-05
0.000965603    	8.1119025e-05
0.000965978    	8.1110305e-05
0.000966354    	8.1101278e-05
0.000966729    	8.1091937e-05
0.000967105    	8.1082277e-05
0.00096748     	8.1072293e-05
0.000967856    	8.1061979e-05
0.000968231    	8.1051331e-05
0.000968607    	8.1040344e-05
0.000968982    	8.1029013e-05
0.000969358    	8.1017332e-05
0.000969733    	8.1005298e-05
0.000970109    	8.0992905e-05
0.000970484    	8.0980148e-05
0.00097086     	8.0967020e-05
0.000971235    	8.0953516e-05
0.000971611    	8.0939629e-05
0.000971986    	8.0925355e-05
0.000972362    	8.0910702e-05
0.000972738    	8.0895678e-05
0.000973113    	8.0880267e-05
0.000973489    	8.0864451e-05
0.000973864    	8.0848233e-05
0.00097424     	8.0831627e-05
0.000974615    	8.0814643e-05
0.000974991    	8.0797284e-05
0.000975366    	8.0779549e-05
0.000975742    	8.0761438e-05
0.000976117    	8.0742951e-05
0.000976493    	8.0724090e-05
0.000976868    	8.0704853e-05
0.000977244    	8.0685238e-05
0.000977619    	8.0665250e-05
0.000977995    	8.0644897e-05
0.00097837     	8.0624169e-05
0.000978746    	8.0603045e-05
0.000979121    	8.0581527e-05
0.000979497    	8.0559661e-05
0.000979872    	8.0537517e-05
0.000980248    	8.0514999e-05
0.000980623    	8.0492071e-05
0.000980999    	8.0468784e-05
0.000981374    	8.0445153e-05
0.00098175     	8.0421174e-05
0.000982125    	8.0396856e-05
0.000982501    	8.0372196e-05
0.000982876    	8.0347192e-05
0.000983252    	8.0321843e-05
0.000983627    	8.0296148e-05
0.000984003    	8.0270106e-05
0.000984379    	8.0243713e-05
0.000984754    	8.0216967e-05
0.00098513     	8.0189872e-05
0.000985505    	8.0162435e-05
0.000985881    	8.0134658e-05
0.000986256    	8.0106532e-05
0.000986632    	8.0078052e-05
0.000987007    	8.0049207e-05
0.000987383    	8.0020040e-05
0.000987758    	7.9990590e-05
0.000988134    	7.9960690e-05
