# Region type : patch cOutlet
# Faces  :     1484
# Area   :     4.0504348e-05
# Time         	average(U)	average(p)	average(T)
0              	(0.0000000e+00 0.0000000e+00 0.0000000e+00)	1.0000000e+05	2.9300000e+02
4.82697e-07    	(-1.2286773e-08 -6.3247296e-04 1.1127887e-08)	1.0000094e+05	2.9400001e+02
8.85764e-07    	(-2.6406219e-08 -4.8967760e-04 6.3798515e-08)	1.0000031e+05	2.9399384e+02
1.28883e-06    	(2.8328095e-04 -3.9941367e-03 -2.8916416e-04)	9.9998134e+04	2.9398034e+02
1.6919e-06     	(1.4541025e-03 -7.3154029e-03 -1.4707353e-03)	9.9973532e+04	2.9383584e+02
2.09497e-06    	(2.4717217e-04 -3.5770799e-02 -5.4070234e-04)	9.9947496e+04	2.9378614e+02
2.28068e-06    	(-2.8268695e-04 -5.7772642e-02 5.9248936e-04)	9.9947188e+04	2.9378861e+02
2.4664e-06     	(1.4757465e-04 -7.3197801e-02 8.0256845e-05)	9.9950140e+04	2.9381173e+02
2.65212e-06    	(3.9108252e-04 -8.3408933e-02 -2.8119655e-04)	9.9953052e+04	2.9381455e+02
2.83785e-06    	(-6.9028731e-05 -8.9075234e-02 2.5419675e-04)	9.9954166e+04	2.9381763e+02
3.02358e-06    	(-4.6422530e-04 -8.8881818e-02 6.4271584e-04)	9.9949518e+04	2.9378439e+02
3.20931e-06    	(-8.2329127e-04 -8.5790410e-02 9.6966136e-04)	9.9946554e+04	2.9379234e+02
3.39504e-06    	(-1.1190496e-03 -8.3188931e-02 1.2138947e-03)	9.9950459e+04	2.9381515e+02
3.58079e-06    	(-1.2958450e-03 -8.0241093e-02 1.3342255e-03)	9.9955333e+04	2.9383169e+02
3.76653e-06    	(-1.3972301e-03 -7.7041892e-02 1.4031449e-03)	9.9959369e+04	2.9384213e+02
3.95227e-06    	(-1.4630544e-03 -7.3829068e-02 1.4330484e-03)	9.9962318e+04	2.9384942e+02
4.13801e-06    	(-1.4565400e-03 -7.0412154e-02 1.4190240e-03)	9.9964196e+04	2.9385342e+02
4.32376e-06    	(-1.1462215e-03 -6.6962481e-02 1.1041863e-03)	9.9964986e+04	2.9385638e+02
4.5095e-06     	(-4.5464730e-04 -6.3480014e-02 6.0076641e-04)	9.9963831e+04	2.9385066e+02
4.69524e-06    	(-8.6048838e-05 -6.0970004e-02 2.2952105e-04)	9.9961692e+04	2.9384364e+02
4.881e-06      	(6.3279790e-05 -5.8642152e-02 -5.1977514e-05)	9.9960554e+04	2.9385045e+02
5.06679e-06    	(-1.9510327e-04 -5.4268152e-02 -6.8176218e-05)	9.9957817e+04	2.9384141e+02
5.25257e-06    	(-5.9144050e-04 -5.0234889e-02 1.8857260e-04)	9.9954413e+04	2.9383391e+02
5.43835e-06    	(-5.2046100e-04 -4.7814490e-02 2.1542331e-04)	9.9952395e+04	2.9383741e+02
5.62413e-06    	(-5.3487014e-04 -4.5180774e-02 4.1929774e-04)	9.9949153e+04	2.9383097e+02
5.80991e-06    	(-9.0009729e-04 -4.2699239e-02 6.6558305e-04)	9.9947848e+04	2.9383421e+02
5.99569e-06    	(-4.2883020e-04 -3.8804174e-02 2.5288533e-04)	9.9946952e+04	2.9383636e+02
6.18147e-06    	(-4.8102249e-04 -3.4585264e-02 2.1575495e-04)	9.9944754e+04	2.9382968e+02
6.36725e-06    	(1.7633991e-04 -3.2258933e-02 -6.8442126e-07)	9.9941815e+04	2.9381878e+02
6.55304e-06    	(-1.5435325e-04 -3.0640211e-02 2.9248649e-04)	9.9937808e+04	2.9379312e+02
6.73885e-06    	(-9.9746338e-04 -3.0975586e-02 1.0491545e-03)	9.9930911e+04	2.9378978e+02
6.92463e-06    	(-1.8116260e-03 -3.2996391e-02 1.8227022e-03)	9.9930624e+04	2.9379150e+02
7.11041e-06    	(-1.0546996e-03 -3.3289026e-02 1.1005522e-03)	9.9931440e+04	2.9379748e+02
7.29619e-06    	(3.8684460e-05 -3.3280485e-02 -1.1844252e-04)	9.9932868e+04	2.9380516e+02
7.48197e-06    	(1.1241812e-03 -3.2783236e-02 -1.1957459e-03)	9.9934295e+04	2.9381057e+02
7.66775e-06    	(1.6088013e-03 -3.1936296e-02 -1.8744234e-03)	9.9935290e+04	2.9381083e+02
7.85352e-06    	(1.8664245e-03 -3.1732893e-02 -1.6210460e-03)	9.9935891e+04	2.9381334e+02
8.0393e-06     	(1.8904825e-03 -3.0896098e-02 -1.6147253e-03)	9.9937364e+04	2.9381779e+02
8.22508e-06    	(1.9447649e-03 -2.9696933e-02 -1.6415591e-03)	9.9937807e+04	2.9381408e+02
8.41086e-06    	(1.8394026e-03 -2.9446514e-02 -1.5581977e-03)	9.9938449e+04	2.9381885e+02
8.59664e-06    	(1.7017500e-03 -2.8912331e-02 -1.6896533e-03)	9.9939563e+04	2.9382195e+02
8.69667e-06    	(1.7275689e-03 -2.8511963e-02 -1.5813483e-03)	9.9940310e+04	2.9382322e+02
8.79669e-06    	(1.6788160e-03 -2.7939803e-02 -1.8052341e-03)	9.9940681e+04	2.9382476e+02
8.89672e-06    	(1.7058441e-03 -2.7545560e-02 -1.9882294e-03)	9.9941316e+04	2.9382664e+02
8.99674e-06    	(1.6856535e-03 -2.7181312e-02 -2.0515551e-03)	9.9941921e+04	2.9382779e+02
9.09677e-06    	(1.5320746e-03 -2.6825352e-02 -1.9763356e-03)	9.9942576e+04	2.9382949e+02
9.19679e-06    	(1.3547007e-03 -2.6461551e-02 -1.8713965e-03)	9.9943212e+04	2.9382901e+02
9.29682e-06    	(1.1788786e-03 -2.6088732e-02 -1.7190454e-03)	9.9943709e+04	2.9383152e+02
9.39685e-06    	(1.0523574e-03 -2.5721038e-02 -1.5726238e-03)	9.9943900e+04	2.9382979e+02
9.49687e-06    	(1.1207249e-03 -2.5541105e-02 -1.6536775e-03)	9.9944041e+04	2.9383116e+02
9.5969e-06     	(1.2238744e-03 -2.5500642e-02 -1.5134933e-03)	9.9944407e+04	2.9383167e+02
9.69692e-06    	(1.3318454e-03 -2.5433917e-02 -1.4387769e-03)	9.9944573e+04	2.9382943e+02
9.79695e-06    	(1.1356752e-03 -2.5381387e-02 -1.2111203e-03)	9.9944862e+04	2.9383075e+02
9.89697e-06    	(1.1067072e-03 -2.5163155e-02 -9.3535231e-04)	9.9945072e+04	2.9382925e+02
9.997e-06      	(1.1319133e-03 -2.4963076e-02 -7.5825393e-04)	9.9945095e+04	2.9383141e+02
1.0097e-05     	(1.1494316e-03 -2.4777875e-02 -8.2948030e-04)	9.9945536e+04	2.9383339e+02
1.01971e-05    	(1.0633237e-03 -2.4432629e-02 -9.7991237e-04)	9.9946104e+04	2.9383500e+02
1.02971e-05    	(9.9193659e-04 -2.3935566e-02 -1.0720500e-03)	9.9946636e+04	2.9383639e+02
1.03971e-05    	(9.6142475e-04 -2.3412564e-02 -1.1075612e-03)	9.9946896e+04	2.9383500e+02
1.04971e-05    	(9.8536784e-04 -2.3055955e-02 -1.2213039e-03)	9.9947091e+04	2.9383511e+02
1.05972e-05    	(9.7061594e-04 -2.2837821e-02 -1.3324119e-03)	9.9947099e+04	2.9383528e+02
1.06972e-05    	(1.1742585e-03 -2.2797687e-02 -1.2859864e-03)	9.9947646e+04	2.9383720e+02
1.07972e-05    	(1.0244974e-03 -2.2560823e-02 -1.3728577e-03)	9.9948079e+04	2.9383752e+02
1.08972e-05    	(8.3002621e-04 -2.2219963e-02 -1.2484181e-03)	9.9948036e+04	2.9383578e+02
1.09973e-05    	(7.1357353e-04 -2.2128943e-02 -8.6283505e-04)	9.9948195e+04	2.9383668e+02
1.10973e-05    	(6.5927635e-04 -2.2094427e-02 -5.4571328e-04)	9.9948293e+04	2.9383565e+02
1.11973e-05    	(7.4194227e-04 -2.2054691e-02 -3.7881691e-05)	9.9948366e+04	2.9383609e+02
1.12973e-05    	(6.4020322e-04 -2.1958630e-02 1.4490243e-04)	9.9948495e+04	2.9383402e+02
1.13974e-05    	(4.8101293e-04 -2.1740064e-02 1.3002560e-04)	9.9948525e+04	2.9383476e+02
1.14974e-05    	(3.7262905e-04 -2.1603093e-02 -2.8136055e-06)	9.9948664e+04	2.9383634e+02
1.15974e-05    	(2.9690404e-04 -2.1347017e-02 -4.7353203e-04)	9.9949061e+04	2.9383825e+02
1.16974e-05    	(3.6971286e-04 -2.1053594e-02 -8.7009031e-04)	9.9949500e+04	2.9383869e+02
1.17975e-05    	(3.9675883e-04 -2.0784674e-02 -1.0973954e-03)	9.9949785e+04	2.9383854e+02
1.18975e-05    	(1.8079841e-04 -2.0562061e-02 -1.2283349e-03)	9.9949928e+04	2.9383868e+02
1.19975e-05    	(8.8377990e-06 -2.0421297e-02 -1.3016063e-03)	9.9950256e+04	2.9383823e+02
1.20975e-05    	(-2.0399975e-05 -2.0279220e-02 -1.2391949e-03)	9.9950535e+04	2.9383959e+02
1.21976e-05    	(3.9432121e-05 -2.0122292e-02 -1.3294410e-03)	9.9950914e+04	2.9384099e+02
1.22976e-05    	(-5.7768533e-05 -1.9841982e-02 -1.2326594e-03)	9.9950924e+04	2.9383891e+02
1.23976e-05    	(-2.6979354e-04 -1.9632167e-02 -8.3749003e-04)	9.9951014e+04	2.9383852e+02
1.24976e-05    	(-3.3352266e-04 -1.9569872e-02 -2.2201061e-04)	9.9951008e+04	2.9383874e+02
1.25977e-05    	(-3.8912776e-04 -1.9600556e-02 2.8074808e-04)	9.9951129e+04	2.9383907e+02
1.26977e-05    	(-4.3345646e-04 -1.9684031e-02 5.2551910e-04)	9.9951379e+04	2.9383958e+02
1.27977e-05    	(-3.4995224e-04 -1.9619530e-02 6.1366838e-04)	9.9951570e+04	2.9383830e+02
1.28977e-05    	(-4.1352318e-04 -1.9505513e-02 3.8258492e-04)	9.9951825e+04	2.9384020e+02
1.29978e-05    	(-2.7203460e-04 -1.9446885e-02 3.0237435e-04)	9.9951974e+04	2.9383996e+02
1.30978e-05    	(9.3387104e-08 -1.9235920e-02 -1.8501984e-06)	9.9952084e+04	2.9383887e+02
1.31978e-05    	(2.3948800e-04 -1.9160395e-02 -5.1780064e-04)	9.9952287e+04	2.9383940e+02
1.32978e-05    	(5.1445443e-04 -1.9078077e-02 -6.8357586e-04)	9.9952293e+04	2.9383902e+02
1.33978e-05    	(6.7487471e-04 -1.9034242e-02 -6.5947495e-04)	9.9952521e+04	2.9383936e+02
1.34979e-05    	(7.5786731e-04 -1.8971688e-02 -8.2519118e-04)	9.9952595e+04	2.9383776e+02
1.35979e-05    	(7.4241620e-04 -1.8823977e-02 -1.1059639e-03)	9.9952707e+04	2.9383900e+02
1.36979e-05    	(6.4023013e-04 -1.8727939e-02 -1.2664052e-03)	9.9952858e+04	2.9383979e+02
1.37979e-05    	(3.8176388e-04 -1.8727466e-02 -1.2724118e-03)	9.9953117e+04	2.9383971e+02
1.38979e-05    	(1.3465115e-04 -1.8591479e-02 -1.1660605e-03)	9.9953281e+04	2.9383866e+02
1.39979e-05    	(7.4623137e-05 -1.8396917e-02 -1.2604311e-03)	9.9953259e+04	2.9383773e+02
1.40979e-05    	(3.0263936e-04 -1.8281546e-02 -1.4371376e-03)	9.9953068e+04	2.9383578e+02
1.4198e-05     	(9.4749289e-04 -1.8429001e-02 -1.2239888e-03)	9.9953135e+04	2.9383609e+02
1.4298e-05     	(1.2301087e-03 -1.8576045e-02 -1.3407561e-03)	9.9953453e+04	2.9383741e+02
1.4398e-05     	(1.2742036e-03 -1.8405975e-02 -1.4945062e-03)	9.9953333e+04	2.9383664e+02
1.4498e-05     	(1.2556605e-03 -1.8406419e-02 -1.3606636e-03)	9.9953452e+04	2.9383686e+02
1.4598e-05     	(9.0229188e-04 -1.8274972e-02 -1.3014747e-03)	9.9953649e+04	2.9383791e+02
1.4698e-05     	(4.5655375e-04 -1.8198796e-02 -1.0238991e-03)	9.9953729e+04	2.9383789e+02
1.4798e-05     	(2.2948120e-04 -1.8111137e-02 -1.2101114e-03)	9.9953858e+04	2.9383650e+02
1.48981e-05    	(2.2995101e-04 -1.7908805e-02 -1.3382426e-03)	9.9953838e+04	2.9383734e+02
1.49981e-05    	(4.2570363e-04 -1.7822012e-02 -1.0787552e-03)	9.9953873e+04	2.9383757e+02
1.50981e-05    	(5.2778809e-04 -1.7673529e-02 -8.0510044e-04)	9.9953902e+04	2.9383598e+02
1.51981e-05    	(1.3019906e-04 -1.7665233e-02 -4.0280133e-04)	9.9953758e+04	2.9383418e+02
1.52981e-05    	(2.7608929e-04 -1.7613772e-02 -1.1102401e-04)	9.9953705e+04	2.9383411e+02
1.53981e-05    	(6.1679557e-04 -1.7512839e-02 1.2696985e-04)	9.9953503e+04	2.9383373e+02
1.54982e-05    	(8.2265324e-04 -1.7479872e-02 2.5780617e-04)	9.9953622e+04	2.9383414e+02
1.55982e-05    	(1.0426141e-03 -1.7370466e-02 4.7962522e-04)	9.9953911e+04	2.9383504e+02
1.56962e-05    	(1.2603685e-03 -1.7154922e-02 4.8448405e-04)	9.9953989e+04	2.9383553e+02
1.57943e-05    	(1.4051287e-03 -1.6931503e-02 3.7099853e-04)	9.9954154e+04	2.9383590e+02
1.58923e-05    	(1.3547516e-03 -1.6731153e-02 4.0616710e-04)	9.9954515e+04	2.9383732e+02
1.59904e-05    	(1.2854727e-03 -1.6363915e-02 4.0345009e-04)	9.9954810e+04	2.9383844e+02
1.60884e-05    	(1.2070984e-03 -1.5990980e-02 4.1763017e-04)	9.9954501e+04	2.9383623e+02
1.61865e-05    	(1.0751367e-03 -1.5805132e-02 5.1272966e-04)	9.9954819e+04	2.9383510e+02
1.62845e-05    	(9.0045192e-04 -1.5534092e-02 1.7208117e-04)	9.9954709e+04	2.9383458e+02
1.63826e-05    	(7.3018806e-04 -1.5278443e-02 -9.6721600e-05)	9.9954598e+04	2.9383523e+02
1.64806e-05    	(5.6709596e-04 -1.5137290e-02 -3.4567906e-04)	9.9954600e+04	2.9383446e+02
1.65787e-05    	(4.2980041e-04 -1.4976629e-02 -6.5474722e-04)	9.9954416e+04	2.9383359e+02
1.66767e-05    	(4.4909409e-04 -1.4991226e-02 -9.6684470e-04)	9.9954415e+04	2.9383324e+02
1.67748e-05    	(6.1057056e-04 -1.4793496e-02 -1.5070573e-03)	9.9954332e+04	2.9383265e+02
1.68728e-05    	(6.6459924e-04 -1.4507761e-02 -1.9016129e-03)	9.9953940e+04	2.9383043e+02
1.69709e-05    	(7.4533715e-04 -1.4412339e-02 -2.1669057e-03)	9.9953413e+04	2.9382989e+02
1.70689e-05    	(1.0121068e-03 -1.4620267e-02 -2.4586595e-03)	9.9953562e+04	2.9383028e+02
1.7167e-05     	(1.0387910e-03 -1.4485948e-02 -2.7701629e-03)	9.9953230e+04	2.9382869e+02
1.7265e-05     	(8.8144401e-04 -1.4462618e-02 -2.7973441e-03)	9.9953275e+04	2.9382868e+02
1.73631e-05    	(6.4534164e-04 -1.4394187e-02 -2.6108626e-03)	9.9953168e+04	2.9382913e+02
1.74611e-05    	(4.6844794e-04 -1.4379716e-02 -2.2347508e-03)	9.9953054e+04	2.9382953e+02
1.75592e-05    	(5.0904604e-04 -1.4382721e-02 -1.8008231e-03)	9.9953001e+04	2.9382890e+02
1.76572e-05    	(8.0083139e-04 -1.4344302e-02 -1.5080410e-03)	9.9953087e+04	2.9382862e+02
1.77553e-05    	(1.0044204e-03 -1.4170970e-02 -1.2890064e-03)	9.9953120e+04	2.9382928e+02
1.78533e-05    	(1.3799215e-03 -1.3961969e-02 -1.2534105e-03)	9.9953131e+04	2.9382911e+02
1.79514e-05    	(1.7152814e-03 -1.3787790e-02 -8.9140546e-04)	9.9952996e+04	2.9382872e+02
1.80494e-05    	(2.0143727e-03 -1.3619245e-02 -4.5815919e-04)	9.9953222e+04	2.9382867e+02
1.81475e-05    	(2.0356770e-03 -1.3422839e-02 -4.9931109e-04)	9.9953402e+04	2.9382991e+02
1.82455e-05    	(1.9704005e-03 -1.3228388e-02 -2.6277509e-04)	9.9953120e+04	2.9382758e+02
1.83436e-05    	(1.9534437e-03 -1.3115591e-02 7.3708323e-05)	9.9952987e+04	2.9382748e+02
1.84416e-05    	(1.8376485e-03 -1.2934202e-02 2.7692239e-04)	9.9952676e+04	2.9382173e+02
1.85396e-05    	(1.4868959e-03 -1.2895113e-02 2.3350174e-04)	9.9951937e+04	2.9382258e+02
1.86377e-05    	(7.4300167e-04 -1.3137981e-02 3.5129847e-04)	9.9951550e+04	2.9381974e+02
1.87357e-05    	(-2.3344531e-05 -1.3371248e-02 3.0239538e-04)	9.9951348e+04	2.9382020e+02
1.88337e-05    	(-5.3417137e-04 -1.3430051e-02 -1.4010420e-04)	9.9950809e+04	2.9381796e+02
1.89318e-05    	(-9.0425988e-04 -1.3722793e-02 -7.2887420e-04)	9.9950623e+04	2.9381866e+02
1.90298e-05    	(-1.2463898e-03 -1.3928471e-02 -1.0810868e-03)	9.9950707e+04	2.9381967e+02
1.91279e-05    	(-1.1841102e-03 -1.4007135e-02 -1.1383733e-03)	9.9950880e+04	2.9381916e+02
1.92259e-05    	(-8.0931951e-04 -1.4030818e-02 -1.3197989e-03)	9.9950609e+04	2.9381863e+02
1.93239e-05    	(-2.8998139e-04 -1.4208284e-02 -1.5150017e-03)	9.9950710e+04	2.9381982e+02
1.9422e-05     	(4.2479957e-04 -1.4382855e-02 -1.4851739e-03)	9.9950950e+04	2.9382021e+02
1.952e-05      	(1.0096108e-03 -1.4251363e-02 -1.2206734e-03)	9.9950872e+04	2.9381942e+02
1.96181e-05    	(1.0569432e-03 -1.4022091e-02 -8.4843890e-04)	9.9950828e+04	2.9381519e+02
1.97161e-05    	(1.3097430e-03 -1.3884294e-02 -4.0428592e-04)	9.9950100e+04	2.9381327e+02
1.98141e-05    	(1.5123560e-03 -1.3893677e-02 -1.0349744e-04)	9.9949625e+04	2.9381074e+02
1.99122e-05    	(1.6156837e-03 -1.4085995e-02 -2.4827920e-04)	9.9949303e+04	2.9381383e+02
2.00102e-05    	(1.4662152e-03 -1.4082909e-02 -5.3445227e-04)	9.9949319e+04	2.9380924e+02
2.01083e-05    	(1.1989127e-03 -1.4038829e-02 -7.5618919e-04)	9.9948602e+04	2.9380207e+02
2.02063e-05    	(9.0487669e-04 -1.4133494e-02 -1.1429847e-03)	9.9947542e+04	2.9379765e+02
2.03043e-05    	(4.8552099e-04 -1.4522544e-02 -1.4630354e-03)	9.9945937e+04	2.9378954e+02
2.04024e-05    	(6.3121900e-04 -1.5243820e-02 -1.2508763e-03)	9.9944002e+04	2.9378141e+02
2.05004e-05    	(8.0567057e-04 -1.6434154e-02 -8.3051076e-04)	9.9942020e+04	2.9377797e+02
2.05984e-05    	(1.0049515e-03 -1.8136700e-02 -6.8138704e-04)	9.9940851e+04	2.9377228e+02
2.06963e-05    	(8.8748625e-04 -2.0340894e-02 -5.8571924e-04)	9.9939316e+04	2.9376351e+02
2.07943e-05    	(4.8328681e-04 -2.2353280e-02 -9.1566222e-04)	9.9936894e+04	2.9374383e+02
2.08922e-05    	(4.1594318e-04 -2.4693286e-02 -1.7596035e-03)	9.9933304e+04	2.9373354e+02
2.09902e-05    	(4.4985171e-04 -2.7403108e-02 -2.4854837e-03)	9.9930087e+04	2.9372861e+02
2.10881e-05    	(1.1069732e-03 -3.0983124e-02 -2.6442941e-03)	9.9928242e+04	2.9372944e+02
2.11861e-05    	(2.0138366e-03 -3.4823290e-02 -3.0173651e-03)	9.9927625e+04	2.9372938e+02
2.1284e-05     	(2.5724610e-03 -3.8467905e-02 -3.2304822e-03)	9.9927231e+04	2.9372960e+02
2.1382e-05     	(2.7007888e-03 -4.1884747e-02 -2.8897837e-03)	9.9927197e+04	2.9373298e+02
2.148e-05      	(2.5037646e-03 -4.4889433e-02 -2.4322539e-03)	9.9927533e+04	2.9373253e+02
2.15772e-05    	(2.3703502e-03 -4.7349944e-02 -2.0512430e-03)	9.9927918e+04	2.9373531e+02
2.16745e-05    	(2.2437946e-03 -4.9242622e-02 -1.8910056e-03)	9.9928691e+04	2.9373727e+02
2.17717e-05    	(1.9783266e-03 -5.0399728e-02 -1.8273068e-03)	9.9929214e+04	2.9373801e+02
2.1869e-05     	(1.7254554e-03 -5.0958481e-02 -1.5226891e-03)	9.9929307e+04	2.9373987e+02
2.19662e-05    	(1.4551265e-03 -5.1244351e-02 -1.0044469e-03)	9.9929564e+04	2.9374034e+02
2.20635e-05    	(1.3546543e-03 -5.1253120e-02 -3.6629026e-04)	9.9930284e+04	2.9374589e+02
2.21607e-05    	(1.3951362e-03 -5.0980947e-02 1.6221851e-04)	9.9931196e+04	2.9374558e+02
2.2258e-05     	(1.2847892e-03 -5.0532483e-02 4.9888209e-04)	9.9931865e+04	2.9374707e+02
2.23552e-05    	(9.2195936e-04 -5.0007628e-02 7.2443005e-04)	9.9932551e+04	2.9375033e+02
2.24525e-05    	(5.0844001e-04 -4.9365498e-02 8.9094241e-04)	9.9933131e+04	2.9375196e+02
2.25497e-05    	(2.0582367e-04 -4.8709393e-02 1.0760689e-03)	9.9933709e+04	2.9375290e+02
2.2647e-05     	(2.2481322e-04 -4.8201120e-02 1.2041102e-03)	9.9934406e+04	2.9375552e+02
2.27442e-05    	(4.2341717e-04 -4.7814590e-02 1.2539028e-03)	9.9935294e+04	2.9375591e+02
2.28415e-05    	(6.2809617e-04 -4.7375819e-02 1.0788448e-03)	9.9935976e+04	2.9375699e+02
2.29387e-05    	(7.8474322e-04 -4.6888935e-02 7.4452668e-04)	9.9936805e+04	2.9376085e+02
2.3036e-05     	(8.1645618e-04 -4.6434659e-02 6.3582347e-04)	9.9937480e+04	2.9376106e+02
2.31332e-05    	(6.5501331e-04 -4.6258201e-02 7.7487885e-04)	9.9938424e+04	2.9376276e+02
2.32305e-05    	(5.4783867e-04 -4.5915520e-02 7.7443409e-04)	9.9939248e+04	2.9376539e+02
2.33277e-05    	(3.7955081e-04 -4.5518393e-02 6.7102881e-04)	9.9940319e+04	2.9376746e+02
2.3425e-05     	(3.0377361e-04 -4.5004525e-02 5.3235383e-04)	9.9941286e+04	2.9376949e+02
2.35222e-05    	(3.1770278e-04 -4.4370210e-02 4.0555933e-04)	9.9942150e+04	2.9377054e+02
2.36195e-05    	(3.4297073e-04 -4.3681002e-02 2.9103719e-04)	9.9942938e+04	2.9377272e+02
2.37167e-05    	(3.8569892e-04 -4.2995656e-02 2.2302975e-04)	9.9943658e+04	2.9377355e+02
2.3814e-05     	(5.1687228e-04 -4.2331028e-02 2.9332482e-04)	9.9944430e+04	2.9377465e+02
2.39112e-05    	(6.5222244e-04 -4.1684396e-02 3.1484381e-04)	9.9945072e+04	2.9377611e+02
2.40085e-05    	(8.3670245e-04 -4.1096528e-02 1.4193300e-04)	9.9945818e+04	2.9377756e+02
2.41057e-05    	(8.0952491e-04 -4.0521448e-02 -3.2303330e-05)	9.9946509e+04	2.9377836e+02
2.4203e-05     	(6.1347199e-04 -3.9970090e-02 -2.9679171e-05)	9.9947032e+04	2.9377917e+02
2.43002e-05    	(5.0321445e-04 -3.9457565e-02 -2.4476918e-05)	9.9947817e+04	2.9378079e+02
2.43975e-05    	(4.3603971e-04 -3.8850440e-02 -6.8979990e-05)	9.9948302e+04	2.9378097e+02
2.44947e-05    	(6.6497825e-04 -3.8357443e-02 -7.5350371e-05)	9.9948791e+04	2.9378136e+02
2.4592e-05     	(9.3896997e-04 -3.7992973e-02 -6.6936878e-05)	9.9949342e+04	2.9378355e+02
2.46892e-05    	(1.0357149e-03 -3.7582044e-02 -1.1258088e-05)	9.9949980e+04	2.9378414e+02
2.47865e-05    	(1.0112421e-03 -3.7143478e-02 1.5103925e-05)	9.9950468e+04	2.9378458e+02
2.48837e-05    	(1.0720976e-03 -3.6776290e-02 2.5182288e-05)	9.9950850e+04	2.9378511e+02
2.4981e-05     	(1.3770251e-03 -3.6522973e-02 -3.9929203e-07)	9.9951363e+04	2.9378595e+02
2.50782e-05    	(1.6695553e-03 -3.6244342e-02 3.6162615e-07)	9.9951884e+04	2.9378768e+02
2.51755e-05    	(1.9183006e-03 -3.5899411e-02 6.3658046e-05)	9.9952518e+04	2.9378869e+02
2.52727e-05    	(2.0562630e-03 -3.5575370e-02 1.1643532e-04)	9.9952821e+04	2.9378907e+02
2.537e-05      	(2.1053696e-03 -3.5349310e-02 9.6554337e-05)	9.9953357e+04	2.9378962e+02
2.54672e-05    	(1.9307734e-03 -3.5126018e-02 2.3513085e-05)	9.9953785e+04	2.9379028e+02
2.55645e-05    	(1.5478941e-03 -3.4912735e-02 4.2515411e-05)	9.9954170e+04	2.9379087e+02
2.56617e-05    	(1.2436864e-03 -3.4758677e-02 6.1290773e-05)	9.9954657e+04	2.9379157e+02
2.5759e-05     	(1.0949209e-03 -3.4611197e-02 -1.9211063e-05)	9.9955222e+04	2.9379325e+02
2.58562e-05    	(9.8239403e-04 -3.4398082e-02 -1.5400591e-04)	9.9955756e+04	2.9379417e+02
2.59535e-05    	(8.2294083e-04 -3.4099082e-02 -2.9910400e-04)	9.9956264e+04	2.9379492e+02
2.60507e-05    	(6.3170489e-04 -3.3786608e-02 -4.4436990e-04)	9.9956718e+04	2.9379521e+02
2.6148e-05     	(5.3832058e-04 -3.3547559e-02 -5.4750480e-04)	9.9957000e+04	2.9379540e+02
2.62452e-05    	(4.8651514e-04 -3.3428947e-02 -8.1318093e-04)	9.9957265e+04	2.9379565e+02
2.63425e-05    	(3.5935306e-04 -3.3383917e-02 -1.0570745e-03)	9.9957796e+04	2.9379722e+02
2.64397e-05    	(2.5991189e-04 -3.3234918e-02 -1.1009263e-03)	9.9958314e+04	2.9379764e+02
2.6537e-05     	(1.0595753e-04 -3.2999956e-02 -9.6741619e-04)	9.9958717e+04	2.9379766e+02
2.66342e-05    	(-8.8130924e-05 -3.2790581e-02 -9.3775058e-04)	9.9959071e+04	2.9379926e+02
2.67315e-05    	(-2.5408256e-04 -3.2606846e-02 -1.0027895e-03)	9.9959569e+04	2.9380014e+02
2.68287e-05    	(-2.7078749e-04 -3.2377760e-02 -9.7972287e-04)	9.9960079e+04	2.9380089e+02
2.6926e-05     	(-1.9965212e-04 -3.2111809e-02 -8.5559066e-04)	9.9960468e+04	2.9380192e+02
2.70232e-05    	(-5.9151022e-05 -3.1885209e-02 -7.1160805e-04)	9.9960887e+04	2.9380272e+02
2.71205e-05    	(-2.1289303e-06 -3.1689062e-02 -6.7836275e-04)	9.9961260e+04	2.9380258e+02
2.72177e-05    	(-5.7492465e-05 -3.1534979e-02 -6.5644874e-04)	9.9961392e+04	2.9380243e+02
2.7315e-05     	(-2.0989832e-04 -3.1462816e-02 -3.2163073e-04)	9.9961781e+04	2.9380300e+02
2.74122e-05    	(-8.9190782e-05 -3.1336796e-02 -2.3208531e-05)	9.9961959e+04	2.9380243e+02
2.75095e-05    	(1.8339601e-04 -3.1282696e-02 1.7516393e-04)	9.9962171e+04	2.9380282e+02
2.76067e-05    	(4.2825769e-04 -3.1209629e-02 1.6305606e-04)	9.9962513e+04	2.9380338e+02
2.7704e-05     	(5.5962861e-04 -3.1061102e-02 5.5271873e-05)	9.9962798e+04	2.9380485e+02
2.78012e-05    	(6.7364996e-04 -3.0869437e-02 -6.3776651e-05)	9.9963193e+04	2.9380549e+02
2.78985e-05    	(6.5704993e-04 -3.0659025e-02 2.3128261e-05)	9.9963447e+04	2.9380528e+02
2.79957e-05    	(4.6245936e-04 -3.0462580e-02 -5.6123793e-05)	9.9963812e+04	2.9380676e+02
2.8093e-05     	(2.9376717e-04 -3.0246373e-02 -2.0863013e-04)	9.9963868e+04	2.9380595e+02
2.81902e-05    	(4.1438766e-04 -3.0126171e-02 -4.2109322e-04)	9.9964112e+04	2.9380685e+02
2.82875e-05    	(6.1598022e-04 -3.0042531e-02 -6.3245766e-04)	9.9964520e+04	2.9380735e+02
2.83847e-05    	(6.7338037e-04 -2.9853317e-02 -7.7230865e-04)	9.9964633e+04	2.9380743e+02
2.8482e-05     	(6.1255981e-04 -2.9691841e-02 -8.6398523e-04)	9.9964802e+04	2.9380739e+02
2.85792e-05    	(5.5802765e-04 -2.9600837e-02 -9.7719549e-04)	9.9964829e+04	2.9380751e+02
2.86765e-05    	(5.0975407e-04 -2.9576531e-02 -9.1404112e-04)	9.9965109e+04	2.9380748e+02
2.87737e-05    	(4.1369512e-04 -2.9429828e-02 -7.8375624e-04)	9.9965294e+04	2.9380737e+02
2.8871e-05     	(3.1336943e-04 -2.9183159e-02 -5.3903369e-04)	9.9965459e+04	2.9380809e+02
2.89682e-05    	(2.5423776e-04 -2.8981962e-02 -2.8629841e-04)	9.9965625e+04	2.9380788e+02
2.90655e-05    	(1.5884006e-04 -2.8862150e-02 1.1314385e-05)	9.9965777e+04	2.9380854e+02
2.91627e-05    	(4.4353912e-05 -2.8739093e-02 2.0578359e-04)	9.9965846e+04	2.9380867e+02
2.92599e-05    	(4.1653897e-05 -2.8700637e-02 3.8094747e-04)	9.9966102e+04	2.9380948e+02
2.93572e-05    	(-1.9193990e-04 -2.8487220e-02 5.5877305e-04)	9.9966393e+04	2.9380961e+02
2.94544e-05    	(-3.8252809e-04 -2.8281525e-02 6.8889722e-04)	9.9966571e+04	2.9380956e+02
2.95517e-05    	(-4.5052342e-04 -2.8027753e-02 7.5895033e-04)	9.9966497e+04	2.9380930e+02
2.96489e-05    	(-3.7332848e-04 -2.7933159e-02 7.4642827e-04)	9.9966569e+04	2.9380937e+02
2.97462e-05    	(-2.2197888e-04 -2.7873525e-02 9.0557400e-04)	9.9966699e+04	2.9380951e+02
2.98434e-05    	(-2.7582078e-05 -2.7779289e-02 1.0338381e-03)	9.9966670e+04	2.9380851e+02
2.99407e-05    	(7.4675496e-05 -2.7779110e-02 9.4850570e-04)	9.9966624e+04	2.9380759e+02
3.00379e-05    	(2.5457141e-04 -2.7732479e-02 6.9714828e-04)	9.9966634e+04	2.9380866e+02
3.01352e-05    	(3.6446772e-04 -2.7719440e-02 4.8517148e-04)	9.9966870e+04	2.9380858e+02
3.02324e-05    	(2.9657042e-04 -2.7509968e-02 3.4992359e-04)	9.9966921e+04	2.9380933e+02
3.03297e-05    	(2.1529177e-04 -2.7267826e-02 1.0088233e-04)	9.9967003e+04	2.9380973e+02
3.04269e-05    	(1.9073033e-04 -2.7073530e-02 1.9255126e-05)	9.9967242e+04	2.9380920e+02
3.05241e-05    	(2.8108011e-04 -2.6825003e-02 1.2977170e-04)	9.9967338e+04	2.9380973e+02
3.06214e-05    	(3.2671873e-04 -2.6615637e-02 2.4419335e-04)	9.9967281e+04	2.9380933e+02
3.07186e-05    	(-1.0222200e-05 -2.6552745e-02 2.6835179e-04)	9.9967242e+04	2.9380811e+02
3.08159e-05    	(-1.1850413e-04 -2.6510438e-02 1.0809169e-04)	9.9967024e+04	2.9380646e+02
3.09131e-05    	(-8.1717993e-05 -2.6505920e-02 1.8149034e-04)	9.9967046e+04	2.9380770e+02
3.10103e-05    	(1.2095960e-04 -2.6434594e-02 1.5036514e-04)	9.9967166e+04	2.9380869e+02
3.11076e-05    	(4.0499467e-04 -2.6285707e-02 1.1758836e-04)	9.9967286e+04	2.9380733e+02
3.12048e-05    	(6.1027243e-04 -2.6188676e-02 2.1570175e-04)	9.9967172e+04	2.9380717e+02
3.1302e-05     	(7.4025059e-04 -2.6073202e-02 1.2811490e-04)	9.9967024e+04	2.9380661e+02
3.13993e-05    	(5.7550750e-04 -2.6130043e-02 -8.3028954e-05)	9.9967082e+04	2.9380665e+02
3.14965e-05    	(6.1699218e-04 -2.5993955e-02 -2.3004361e-04)	9.9967180e+04	2.9380700e+02
3.15937e-05    	(7.6099602e-04 -2.5792173e-02 -4.6768895e-04)	9.9967437e+04	2.9380741e+02
3.1691e-05     	(7.4121550e-04 -2.5496455e-02 -4.9816757e-04)	9.9967446e+04	2.9380658e+02
3.17882e-05    	(7.0240980e-04 -2.5216578e-02 -1.5187390e-04)	9.9967296e+04	2.9380716e+02
3.18855e-05    	(7.3431391e-04 -2.5047842e-02 -1.8268255e-05)	9.9967253e+04	2.9380554e+02
3.19827e-05    	(7.7969671e-04 -2.4866052e-02 2.6524042e-05)	9.9967171e+04	2.9380596e+02
3.20799e-05    	(6.0767335e-04 -2.4720974e-02 2.1158417e-04)	9.9967167e+04	2.9380469e+02
3.21772e-05    	(4.4648778e-04 -2.4629433e-02 3.7318417e-04)	9.9966598e+04	2.9380182e+02
3.22744e-05    	(3.3714820e-04 -2.4750981e-02 7.9293375e-04)	9.9966304e+04	2.9380105e+02
3.23716e-05    	(5.0343244e-04 -2.4973760e-02 8.7307868e-04)	9.9966428e+04	2.9380379e+02
3.24689e-05    	(4.2353774e-04 -2.4966689e-02 8.4126661e-04)	9.9966636e+04	2.9380404e+02
3.25661e-05    	(4.0145502e-04 -2.4805687e-02 9.3416008e-04)	9.9966662e+04	2.9380301e+02
3.26634e-05    	(1.6935133e-04 -2.4568748e-02 1.1524658e-03)	9.9966464e+04	2.9380310e+02
3.27606e-05    	(-1.6677118e-04 -2.4555646e-02 1.0585126e-03)	9.9966376e+04	2.9380255e+02
3.28578e-05    	(-5.9015936e-04 -2.4626957e-02 9.1002945e-04)	9.9966565e+04	2.9380316e+02
3.29551e-05    	(-9.6472290e-04 -2.4562606e-02 8.3033569e-04)	9.9966561e+04	2.9380388e+02
3.30523e-05    	(-1.0193205e-03 -2.4263080e-02 5.9482613e-04)	9.9966912e+04	2.9380502e+02
3.31495e-05    	(-1.0423332e-03 -2.3912547e-02 4.7295414e-04)	9.9966970e+04	2.9380448e+02
3.3244e-05     	(-9.2240357e-04 -2.3615045e-02 4.9492460e-04)	9.9967112e+04	2.9380468e+02
3.33384e-05    	(-8.6508282e-04 -2.3280337e-02 6.1642462e-04)	9.9967102e+04	2.9380557e+02
3.34329e-05    	(-7.5113409e-04 -2.3000809e-02 9.1890475e-04)	9.9966732e+04	2.9380031e+02
3.35274e-05    	(-4.4784112e-04 -2.2996644e-02 1.1235795e-03)	9.9966372e+04	2.9380030e+02
3.36219e-05    	(-2.2133826e-04 -2.2992872e-02 1.1482744e-03)	9.9966114e+04	2.9380016e+02
3.37163e-05    	(1.6674448e-05 -2.3075937e-02 1.0214431e-03)	9.9966141e+04	2.9380107e+02
3.38108e-05    	(3.2511645e-04 -2.3060661e-02 1.0889775e-03)	9.9966389e+04	2.9380267e+02
3.39053e-05    	(6.1204382e-04 -2.2859998e-02 1.1191195e-03)	9.9966373e+04	2.9380095e+02
3.39999e-05    	(4.3771556e-04 -2.2599490e-02 1.0738333e-03)	9.9965965e+04	2.9379845e+02
3.40944e-05    	(1.6164763e-04 -2.2498465e-02 9.3584478e-04)	9.9965708e+04	2.9379860e+02
3.4184e-05     	(-2.7065369e-05 -2.2503637e-02 5.2766933e-04)	9.9965805e+04	2.9380033e+02
3.42739e-05    	(6.4384326e-05 -2.2424256e-02 2.7559770e-04)	9.9965923e+04	2.9380045e+02
3.43637e-05    	(2.1435231e-05 -2.2166957e-02 2.5407595e-04)	9.9965731e+04	2.9379955e+02
3.44535e-05    	(-2.0368323e-04 -2.1983963e-02 3.6972050e-04)	9.9965695e+04	2.9379950e+02
3.45434e-05    	(-3.2408420e-04 -2.1915131e-02 6.2449232e-04)	9.9965636e+04	2.9379959e+02
3.46321e-05    	(-3.3239070e-04 -2.1923350e-02 1.0649713e-03)	9.9965582e+04	2.9379868e+02
3.47209e-05    	(-2.1949910e-04 -2.1606450e-02 1.2759154e-03)	9.9965508e+04	2.9379694e+02
3.48098e-05    	(2.4221373e-05 -2.1513881e-02 1.4042914e-03)	9.9965131e+04	2.9379688e+02
3.48987e-05    	(8.2804939e-05 -2.1479720e-02 1.4628121e-03)	9.9965128e+04	2.9379873e+02
3.49876e-05    	(-8.2370179e-05 -2.1510199e-02 1.4817475e-03)	9.9965046e+04	2.9379634e+02
3.50765e-05    	(-5.8398592e-04 -2.1543546e-02 1.1762102e-03)	9.9964976e+04	2.9379644e+02
3.51655e-05    	(-9.6732370e-04 -2.1574405e-02 9.1061673e-04)	9.9964814e+04	2.9379569e+02
3.52544e-05    	(-1.2781721e-03 -2.1543818e-02 9.9887900e-04)	9.9964915e+04	2.9379647e+02
3.53433e-05    	(-1.4109633e-03 -2.1415855e-02 8.9653079e-04)	9.9964764e+04	2.9379734e+02
3.54322e-05    	(-1.2741547e-03 -2.1348798e-02 7.2453263e-04)	9.9964858e+04	2.9379660e+02
3.55212e-05    	(-8.4774830e-04 -2.1214363e-02 5.0847904e-04)	9.9964872e+04	2.9379659e+02
3.56102e-05    	(-5.7866452e-04 -2.1061704e-02 2.6100921e-04)	9.9965136e+04	2.9379691e+02
3.56991e-05    	(-4.4715456e-04 -2.0765660e-02 1.6982191e-04)	9.9965199e+04	2.9379834e+02
3.5788e-05     	(-5.1560540e-04 -2.0460604e-02 7.8250869e-05)	9.9964961e+04	2.9379571e+02
3.5877e-05     	(-4.8601177e-04 -2.0190049e-02 -7.5120681e-05)	9.9964826e+04	2.9379676e+02
3.59659e-05    	(-4.4867428e-04 -1.9925297e-02 -4.1180513e-05)	9.9964911e+04	2.9379613e+02
3.60549e-05    	(-3.5056604e-04 -1.9707845e-02 4.8086375e-05)	9.9964748e+04	2.9379562e+02
3.61438e-05    	(-4.0898428e-04 -1.9613938e-02 1.7976453e-04)	9.9964481e+04	2.9379388e+02
3.62328e-05    	(-4.9315970e-04 -1.9554193e-02 3.3180244e-05)	9.9964173e+04	2.9379252e+02
3.63217e-05    	(-4.9029321e-04 -1.9568927e-02 2.2871109e-05)	9.9963956e+04	2.9379237e+02
3.64106e-05    	(-1.7780558e-04 -1.9680731e-02 1.7737487e-04)	9.9963910e+04	2.9379292e+02
3.64996e-05    	(-3.3436548e-04 -1.9608436e-02 4.4814123e-04)	9.9963516e+04	2.9379049e+02
3.65885e-05    	(-5.6392577e-04 -1.9522372e-02 7.3533104e-04)	9.9963092e+04	2.9378989e+02
3.66774e-05    	(-6.3516673e-04 -1.9576456e-02 1.1580331e-03)	9.9962715e+04	2.9378781e+02
3.67664e-05    	(-5.1129381e-04 -1.9621128e-02 1.5159214e-03)	9.9962457e+04	2.9378870e+02
3.68553e-05    	(-8.0875032e-04 -1.9753024e-02 1.6413968e-03)	9.9962605e+04	2.9379022e+02
3.69442e-05    	(-3.6176379e-04 -1.9636935e-02 1.6574657e-03)	9.9962687e+04	2.9379081e+02
3.70331e-05    	(-1.2569245e-04 -1.9454274e-02 1.7279049e-03)	9.9962841e+04	2.9379210e+02
3.7122e-05     	(-4.1648850e-05 -1.9253437e-02 1.8599574e-03)	9.9962848e+04	2.9378963e+02
3.7211e-05     	(8.0167914e-06 -1.8967382e-02 1.7393992e-03)	9.9962969e+04	2.9379113e+02
3.72999e-05    	(2.5823397e-05 -1.8776623e-02 1.7823745e-03)	9.9962636e+04	2.9378799e+02
3.73888e-05    	(2.0046200e-05 -1.8805575e-02 1.7750034e-03)	9.9962517e+04	2.9379013e+02
3.74777e-05    	(-2.1375942e-04 -1.8779659e-02 1.4271024e-03)	9.9962696e+04	2.9379030e+02
3.75666e-05    	(-1.7230593e-04 -1.8656438e-02 1.0898873e-03)	9.9962685e+04	2.9378987e+02
3.76555e-05    	(-2.0998952e-04 -1.8409064e-02 8.3521105e-04)	9.9962683e+04	2.9378933e+02
3.77444e-05    	(3.1310489e-05 -1.8275758e-02 5.6732640e-04)	9.9962678e+04	2.9378949e+02
3.78333e-05    	(2.4569402e-05 -1.8141986e-02 3.5601659e-04)	9.9962505e+04	2.9378967e+02
3.79222e-05    	(-6.7888246e-05 -1.7974661e-02 2.8785184e-04)	9.9962380e+04	2.9379038e+02
3.80111e-05    	(-2.5815046e-04 -1.7825287e-02 3.4487432e-04)	9.9962400e+04	2.9378919e+02
3.81e-05       	(-5.4845743e-04 -1.7675761e-02 2.3240218e-04)	9.9961524e+04	2.9378327e+02
3.81889e-05    	(-6.7822638e-04 -1.7692897e-02 5.3729371e-04)	9.9961172e+04	2.9378345e+02
3.82778e-05    	(-5.2102992e-04 -1.7856491e-02 7.2385268e-04)	9.9961004e+04	2.9378374e+02
3.83667e-05    	(-5.5580738e-04 -1.7789845e-02 9.3273104e-04)	9.9961037e+04	2.9378374e+02
3.84556e-05    	(-6.9122200e-04 -1.7634984e-02 1.0699389e-03)	9.9960562e+04	2.9378189e+02
3.85445e-05    	(-6.7169401e-04 -1.7556191e-02 1.1508982e-03)	9.9960003e+04	2.9377801e+02
3.86334e-05    	(-7.4950191e-04 -1.7650930e-02 1.2103546e-03)	9.9959455e+04	2.9377788e+02
3.87222e-05    	(-6.8176068e-04 -1.7663473e-02 1.0510950e-03)	9.9959217e+04	2.9377673e+02
3.88111e-05    	(-6.1208147e-04 -1.7781001e-02 7.0004118e-04)	9.9959088e+04	2.9377714e+02
3.89e-05       	(-3.9757742e-04 -1.8020741e-02 4.3150194e-04)	9.9958794e+04	2.9377695e+02
3.89889e-05    	(-2.6771130e-04 -1.8407623e-02 3.3175146e-04)	9.9958513e+04	2.9377749e+02
3.90778e-05    	(-1.0113466e-04 -1.8606753e-02 2.7819909e-04)	9.9958389e+04	2.9377466e+02
3.91666e-05    	(-2.8434909e-04 -1.8957404e-02 2.4721268e-04)	9.9958274e+04	2.9377585e+02
3.92555e-05    	(-5.5248657e-04 -1.9322902e-02 3.9954287e-04)	9.9957970e+04	2.9377376e+02
3.93444e-05    	(-8.5935802e-04 -1.9609106e-02 5.7428794e-04)	9.9958171e+04	2.9377355e+02
3.94333e-05    	(-1.0948140e-03 -1.9843974e-02 6.7259954e-04)	9.9957929e+04	2.9377170e+02
3.95221e-05    	(-1.0054210e-03 -2.0033227e-02 7.3321132e-04)	9.9957717e+04	2.9377142e+02
3.9611e-05     	(-7.1069361e-04 -2.0094487e-02 9.1512811e-04)	9.9956584e+04	2.9376388e+02
3.96999e-05    	(-3.2871849e-04 -2.0493297e-02 6.8431989e-04)	9.9955778e+04	2.9376545e+02
3.97888e-05    	(-2.8434594e-04 -2.1159235e-02 1.7306806e-04)	9.9955812e+04	2.9376743e+02
3.98776e-05    	(-4.1106873e-04 -2.1771528e-02 4.9386452e-05)	9.9955840e+04	2.9376801e+02
3.99665e-05    	(-3.9984468e-04 -2.2412304e-02 -2.9099624e-04)	9.9956291e+04	2.9377048e+02
4.00554e-05    	(-5.4845662e-04 -2.2650809e-02 -2.7580719e-04)	9.9956705e+04	2.9377127e+02
4.01442e-05    	(-8.0650693e-04 -2.2556533e-02 -5.1552497e-05)	9.9956892e+04	2.9377100e+02
4.02331e-05    	(-1.1478572e-03 -2.2410428e-02 5.6714476e-05)	9.9956915e+04	2.9376993e+02
4.0322e-05     	(-1.3312292e-03 -2.2166009e-02 5.3625651e-06)	9.9956872e+04	2.9377119e+02
4.04108e-05    	(-1.4321674e-03 -2.2036431e-02 2.7189123e-05)	9.9956899e+04	2.9377083e+02
4.04997e-05    	(-1.6340250e-03 -2.1834382e-02 -1.3002149e-04)	9.9956484e+04	2.9376501e+02
4.05886e-05    	(-1.7671766e-03 -2.1624443e-02 -1.1164764e-04)	9.9955964e+04	2.9376512e+02
4.06774e-05    	(-1.9154919e-03 -2.1457245e-02 -2.5790490e-04)	9.9955452e+04	2.9376349e+02
4.07663e-05    	(-1.8502823e-03 -2.1506517e-02 -2.7935223e-04)	9.9955101e+04	2.9376259e+02
4.08552e-05    	(-1.8093809e-03 -2.1659197e-02 -2.7740233e-04)	9.9954973e+04	2.9376306e+02
4.0944e-05     	(-1.5721993e-03 -2.1979888e-02 -3.1168487e-04)	9.9954745e+04	2.9375958e+02
4.10329e-05    	(-1.2414622e-03 -2.2575113e-02 -3.2670951e-04)	9.9954333e+04	2.9375861e+02
4.11218e-05    	(-8.9638336e-04 -2.3078532e-02 -5.3771611e-04)	9.9954036e+04	2.9375398e+02
4.12107e-05    	(-6.1912445e-04 -2.3396808e-02 -6.8883511e-04)	9.9953017e+04	2.9375139e+02
4.12995e-05    	(-4.4587976e-04 -2.3603055e-02 -1.0741493e-03)	9.9952407e+04	2.9375025e+02
4.13884e-05    	(-2.8819462e-04 -2.4067621e-02 -1.3808996e-03)	9.9952040e+04	2.9374904e+02
4.14773e-05    	(-2.4992125e-04 -2.4616736e-02 -1.5681102e-03)	9.9951354e+04	2.9373784e+02
4.15661e-05    	(-4.4811093e-04 -2.5256393e-02 -1.4990383e-03)	9.9949916e+04	2.9373249e+02
4.1655e-05     	(-7.2689883e-04 -2.6127948e-02 -1.1848257e-03)	9.9948728e+04	2.9373566e+02
4.17439e-05    	(-1.2044811e-03 -2.7136084e-02 -8.1325407e-04)	9.9948081e+04	2.9373556e+02
4.18327e-05    	(-1.3585472e-03 -2.8512948e-02 -3.6983403e-04)	9.9948108e+04	2.9373543e+02
4.19216e-05    	(-1.3715308e-03 -3.0011317e-02 1.0815457e-04)	9.9948052e+04	2.9373781e+02
4.20105e-05    	(-1.1639204e-03 -3.1590555e-02 4.9824620e-04)	9.9948789e+04	2.9374250e+02
4.20994e-05    	(-1.0046055e-03 -3.2843239e-02 6.3094217e-04)	9.9949692e+04	2.9374366e+02
4.21882e-05    	(-7.7130823e-04 -3.3583640e-02 6.4971517e-04)	9.9950498e+04	2.9374602e+02
4.22771e-05    	(-5.6630438e-04 -3.3914673e-02 5.8927881e-04)	9.9951342e+04	2.9374744e+02
4.2366e-05     	(-4.5795253e-04 -3.3674525e-02 4.1945874e-04)	9.9951840e+04	2.9374969e+02
4.24549e-05    	(-3.6299362e-04 -3.3320734e-02 1.6592211e-04)	9.9952192e+04	2.9375123e+02
4.25438e-05    	(-4.1930698e-04 -3.2818325e-02 1.5182554e-05)	9.9952551e+04	2.9375130e+02
4.26326e-05    	(-6.0542874e-04 -3.2240338e-02 -3.3774535e-04)	9.9952830e+04	2.9375165e+02
4.27215e-05    	(-5.6531057e-04 -3.1656417e-02 -7.2948802e-04)	9.9952975e+04	2.9374960e+02
4.28104e-05    	(-2.5130008e-04 -3.1209583e-02 -1.0397375e-03)	9.9952893e+04	2.9374927e+02
4.28993e-05    	(-4.9984850e-05 -3.0789143e-02 -1.3509470e-03)	9.9952842e+04	2.9375007e+02
4.29882e-05    	(1.2933075e-04 -3.0467416e-02 -1.4747202e-03)	9.9953048e+04	2.9375157e+02
4.30771e-05    	(4.6088609e-05 -3.0287378e-02 -1.5451571e-03)	9.9953025e+04	2.9375171e+02
4.3166e-05     	(1.1998114e-04 -3.0219840e-02 -1.3387216e-03)	9.9953566e+04	2.9375423e+02
4.32549e-05    	(-5.1694812e-05 -2.9994865e-02 -1.1998560e-03)	9.9953918e+04	2.9375356e+02
4.33438e-05    	(-1.0264454e-04 -2.9736160e-02 -1.0427495e-03)	9.9954078e+04	2.9374977e+02
4.34327e-05    	(-1.0681639e-05 -2.9606768e-02 -7.3203273e-04)	9.9953793e+04	2.9375020e+02
4.35216e-05    	(1.5610886e-04 -2.9640077e-02 -3.9795965e-04)	9.9953733e+04	2.9375149e+02
4.36104e-05    	(1.5593125e-04 -2.9738459e-02 -2.5223120e-05)	9.9953943e+04	2.9374964e+02
4.36994e-05    	(3.0297408e-04 -2.9780121e-02 1.6836374e-04)	9.9954056e+04	2.9375185e+02
4.37883e-05    	(3.6570640e-04 -2.9804571e-02 1.3772395e-04)	9.9954380e+04	2.9375293e+02
4.38772e-05    	(3.0721990e-04 -2.9883896e-02 1.6280686e-04)	9.9954958e+04	2.9375564e+02
4.39508e-05    	(3.1680483e-04 -2.9822738e-02 2.0246365e-04)	9.9955361e+04	2.9375490e+02
4.40246e-05    	(3.2147520e-04 -2.9680039e-02 2.4137508e-04)	9.9955431e+04	2.9375273e+02
4.40983e-05    	(2.2471945e-04 -2.9677872e-02 9.3627979e-05)	9.9955297e+04	2.9375013e+02
4.4172e-05     	(2.9007832e-04 -2.9697991e-02 5.8462105e-05)	9.9955526e+04	2.9375282e+02
4.42457e-05    	(5.8248736e-04 -2.9584429e-02 -1.6613216e-04)	9.9955750e+04	2.9375474e+02
4.43193e-05    	(8.4375116e-04 -2.9431169e-02 -3.4424237e-04)	9.9956008e+04	2.9375555e+02
4.43929e-05    	(1.0783121e-03 -2.9332023e-02 -4.0994404e-04)	9.9956214e+04	2.9375499e+02
4.44666e-05    	(1.0501726e-03 -2.9374332e-02 -5.5702599e-04)	9.9956297e+04	2.9375564e+02
4.45403e-05    	(9.3662188e-04 -2.9423619e-02 -9.3039049e-04)	9.9956535e+04	2.9375734e+02
4.4614e-05     	(7.4607253e-04 -2.9477985e-02 -1.3101433e-03)	9.9956993e+04	2.9375788e+02
4.46877e-05    	(6.8314586e-04 -2.9403394e-02 -1.5030025e-03)	9.9957198e+04	2.9375835e+02
4.47614e-05    	(6.7064771e-04 -2.9377122e-02 -1.6141147e-03)	9.9957581e+04	2.9375966e+02
4.48351e-05    	(4.8668310e-04 -2.9220175e-02 -1.7087338e-03)	9.9957846e+04	2.9376013e+02
4.49088e-05    	(3.1626659e-04 -2.9008115e-02 -1.8272626e-03)	9.9958101e+04	2.9376138e+02
4.49825e-05    	(1.4389020e-04 -2.8764821e-02 -1.8632019e-03)	9.9958462e+04	2.9376243e+02
4.50562e-05    	(1.0968261e-05 -2.8495493e-02 -1.9979358e-03)	9.9958500e+04	2.9376153e+02
4.51299e-05    	(-1.2434519e-04 -2.8238925e-02 -2.2422153e-03)	9.9958733e+04	2.9376240e+02
4.52035e-05    	(-1.2641215e-04 -2.7984700e-02 -2.5099872e-03)	9.9958841e+04	2.9376276e+02
4.52772e-05    	(-1.1672339e-04 -2.7750801e-02 -2.6704271e-03)	9.9959100e+04	2.9376382e+02
4.53509e-05    	(-5.1438356e-05 -2.7475937e-02 -2.7129053e-03)	9.9959202e+04	2.9376359e+02
4.54245e-05    	(1.1593090e-04 -2.7243960e-02 -2.7481043e-03)	9.9959424e+04	2.9376462e+02
4.54982e-05    	(2.9364361e-04 -2.7053484e-02 -2.8173583e-03)	9.9959607e+04	2.9376455e+02
4.55719e-05    	(2.6315180e-04 -2.6849100e-02 -2.8265317e-03)	9.9959713e+04	2.9376482e+02
4.56455e-05    	(1.1269325e-04 -2.6670186e-02 -2.7856473e-03)	9.9959830e+04	2.9376537e+02
4.57192e-05    	(1.0868177e-05 -2.6510873e-02 -2.8616146e-03)	9.9959800e+04	2.9376497e+02
4.57929e-05    	(6.9366732e-05 -2.6498793e-02 -3.0066355e-03)	9.9959898e+04	2.9376489e+02
4.58665e-05    	(1.5450067e-04 -2.6352343e-02 -3.1161778e-03)	9.9960108e+04	2.9376499e+02
4.59402e-05    	(2.6052985e-04 -2.6176897e-02 -3.0292329e-03)	9.9960066e+04	2.9376381e+02
4.60139e-05    	(2.3024635e-04 -2.6191378e-02 -2.7048137e-03)	9.9959761e+04	2.9376343e+02
4.60875e-05    	(3.3913940e-04 -2.6264701e-02 -2.3218296e-03)	9.9959967e+04	2.9376456e+02
4.61612e-05    	(3.2337369e-04 -2.6184234e-02 -1.9220772e-03)	9.9960248e+04	2.9376593e+02
4.62349e-05    	(1.8130112e-04 -2.6046996e-02 -1.6709478e-03)	9.9960428e+04	2.9376624e+02
4.63085e-05    	(1.2599999e-05 -2.5968637e-02 -1.5260312e-03)	9.9960557e+04	2.9376605e+02
4.63822e-05    	(-1.8801820e-04 -2.5767086e-02 -1.5545613e-03)	9.9960703e+04	2.9376697e+02
4.64559e-05    	(-3.2006453e-04 -2.5624061e-02 -1.6457402e-03)	9.9960913e+04	2.9376756e+02
4.65295e-05    	(-4.4128242e-04 -2.5471292e-02 -1.6312107e-03)	9.9961000e+04	2.9376774e+02
4.66032e-05    	(-4.7361635e-04 -2.5484339e-02 -1.5289483e-03)	9.9961127e+04	2.9376864e+02
4.66769e-05    	(-4.8110129e-04 -2.5359514e-02 -1.5887778e-03)	9.9961442e+04	2.9376833e+02
4.67506e-05    	(-7.1581417e-04 -2.5305628e-02 -1.6404483e-03)	9.9961460e+04	2.9376872e+02
4.68243e-05    	(-7.4630112e-04 -2.5173625e-02 -1.6739759e-03)	9.9961667e+04	2.9376934e+02
4.68979e-05    	(-8.2465172e-04 -2.5049194e-02 -1.7089761e-03)	9.9962017e+04	2.9377012e+02
4.69716e-05    	(-7.9347689e-04 -2.4855332e-02 -1.8501540e-03)	9.9962251e+04	2.9377031e+02
4.70453e-05    	(-6.8312393e-04 -2.4649547e-02 -1.9111010e-03)	9.9962301e+04	2.9377015e+02
4.7119e-05     	(-4.9092064e-04 -2.4505898e-02 -1.8919329e-03)	9.9962359e+04	2.9377028e+02
4.71927e-05    	(-2.0173275e-04 -2.4434731e-02 -1.8180226e-03)	9.9962345e+04	2.9377046e+02
4.72664e-05    	(-2.3915946e-05 -2.4362104e-02 -1.7762716e-03)	9.9962174e+04	2.9376945e+02
4.73401e-05    	(-4.3153824e-05 -2.4459631e-02 -1.7546767e-03)	9.9962261e+04	2.9376883e+02
4.74138e-05    	(2.2028366e-04 -2.4446999e-02 -1.5616616e-03)	9.9962255e+04	2.9376821e+02
4.74875e-05    	(4.4780860e-04 -2.4386626e-02 -1.3881013e-03)	9.9962223e+04	2.9376840e+02
4.75611e-05    	(6.1459383e-04 -2.4292160e-02 -1.3486220e-03)	9.9962247e+04	2.9376953e+02
4.76348e-05    	(6.8217219e-04 -2.4201314e-02 -1.3144998e-03)	9.9962389e+04	2.9377020e+02
4.77085e-05    	(6.2589845e-04 -2.4085333e-02 -1.2740469e-03)	9.9962395e+04	2.9376928e+02
4.77822e-05    	(5.3314204e-04 -2.3987689e-02 -1.2225381e-03)	9.9962312e+04	2.9376874e+02
4.78559e-05    	(4.3359119e-04 -2.3997623e-02 -1.2493486e-03)	9.9962348e+04	2.9376963e+02
4.79296e-05    	(3.6050345e-04 -2.4001080e-02 -1.3814256e-03)	9.9962623e+04	2.9377083e+02
4.80033e-05    	(3.7650771e-04 -2.3906090e-02 -1.5690328e-03)	9.9962883e+04	2.9377190e+02
4.8077e-05     	(3.5639434e-04 -2.3775500e-02 -1.7728880e-03)	9.9963072e+04	2.9377188e+02
4.81507e-05    	(1.3445670e-04 -2.3685610e-02 -1.7611527e-03)	9.9963350e+04	2.9377236e+02
4.82245e-05    	(1.3871388e-04 -2.3433941e-02 -1.8334477e-03)	9.9963331e+04	2.9377291e+02
4.82982e-05    	(3.2860050e-05 -2.3270208e-02 -1.7439014e-03)	9.9963562e+04	2.9377266e+02
4.83719e-05    	(-2.5226656e-04 -2.3154810e-02 -1.7964743e-03)	9.9963606e+04	2.9377327e+02
4.84456e-05    	(-3.2650087e-04 -2.2983376e-02 -1.9196909e-03)	9.9963574e+04	2.9377207e+02
4.85193e-05    	(-6.2280651e-04 -2.2965187e-02 -2.0828292e-03)	9.9963473e+04	2.9377133e+02
4.8593e-05     	(-9.2060987e-04 -2.2979912e-02 -2.1314643e-03)	9.9963407e+04	2.9377123e+02
4.86667e-05    	(-1.0188793e-03 -2.3036629e-02 -2.1336606e-03)	9.9963590e+04	2.9377265e+02
4.87404e-05    	(-9.1300174e-04 -2.3021557e-02 -2.0958471e-03)	9.9963803e+04	2.9377283e+02
4.88141e-05    	(-7.7587310e-04 -2.2908686e-02 -2.0586728e-03)	9.9963887e+04	2.9377191e+02
4.88879e-05    	(-6.7767837e-04 -2.2814556e-02 -2.0284152e-03)	9.9963762e+04	2.9377176e+02
4.89616e-05    	(-7.8698250e-04 -2.2670580e-02 -1.9770470e-03)	9.9963688e+04	2.9377142e+02
4.90353e-05    	(-7.7460050e-04 -2.2530687e-02 -1.9545263e-03)	9.9963679e+04	2.9377169e+02
4.91091e-05    	(-6.5866406e-04 -2.2457951e-02 -1.8534199e-03)	9.9963648e+04	2.9377076e+02
4.91828e-05    	(-7.6712666e-04 -2.2543446e-02 -1.7580784e-03)	9.9963598e+04	2.9377167e+02
4.92565e-05    	(-5.9743026e-04 -2.2467291e-02 -1.7242948e-03)	9.9963510e+04	2.9376992e+02
4.93302e-05    	(-4.2786389e-04 -2.2454337e-02 -1.8355280e-03)	9.9963433e+04	2.9377018e+02
4.9404e-05     	(-5.0612139e-04 -2.2451511e-02 -1.9394112e-03)	9.9963393e+04	2.9377061e+02
4.94777e-05    	(-3.5320211e-04 -2.2583465e-02 -1.9868807e-03)	9.9963562e+04	2.9377147e+02
4.95514e-05    	(-3.1008420e-04 -2.2598810e-02 -1.9180808e-03)	9.9963693e+04	2.9377193e+02
4.96251e-05    	(-2.5907660e-04 -2.2650912e-02 -1.9641330e-03)	9.9963798e+04	2.9377202e+02
4.96988e-05    	(-2.3672899e-04 -2.2532171e-02 -2.0974034e-03)	9.9963833e+04	2.9377114e+02
4.97726e-05    	(2.1709742e-05 -2.2505851e-02 -2.1450021e-03)	9.9963934e+04	2.9377234e+02
4.98464e-05    	(1.7421531e-04 -2.2365303e-02 -2.2616495e-03)	9.9964106e+04	2.9377156e+02
4.99201e-05    	(2.4338845e-04 -2.2283345e-02 -2.3315850e-03)	9.9964061e+04	2.9377249e+02
4.99938e-05    	(1.7524225e-05 -2.2250794e-02 -2.2472165e-03)	9.9964405e+04	2.9377424e+02
5.00675e-05    	(-8.3944680e-05 -2.2076121e-02 -2.2832497e-03)	9.9964570e+04	2.9377440e+02
5.01413e-05    	(-1.5270488e-04 -2.1908353e-02 -2.2290433e-03)	9.9964620e+04	2.9377346e+02
5.0215e-05     	(1.5707639e-05 -2.1805758e-02 -1.8839711e-03)	9.9964293e+04	2.9377186e+02
5.02888e-05    	(8.3540375e-05 -2.1871604e-02 -1.5835749e-03)	9.9964434e+04	2.9377192e+02
5.03625e-05    	(1.6918626e-04 -2.1819395e-02 -1.3411287e-03)	9.9964524e+04	2.9377252e+02
5.04362e-05    	(1.4410854e-04 -2.1798906e-02 -1.1256345e-03)	9.9964618e+04	2.9377420e+02
5.05099e-05    	(-1.2911158e-04 -2.1686179e-02 -8.2884094e-04)	9.9964715e+04	2.9377361e+02
5.05837e-05    	(-3.3379392e-04 -2.1543524e-02 -6.9664031e-04)	9.9964715e+04	2.9377396e+02
5.06575e-05    	(-3.8562126e-04 -2.1433982e-02 -6.1573307e-04)	9.9964729e+04	2.9377409e+02
5.07312e-05    	(-3.7173109e-04 -2.1348874e-02 -5.9858433e-04)	9.9964800e+04	2.9377318e+02
5.08049e-05    	(-4.8449395e-04 -2.1393784e-02 -5.9548447e-04)	9.9964741e+04	2.9377447e+02
5.08787e-05    	(-5.3813490e-04 -2.1288665e-02 -6.0050608e-04)	9.9964932e+04	2.9377472e+02
5.09524e-05    	(-8.1197732e-04 -2.1156229e-02 -6.4939426e-04)	9.9964763e+04	2.9377353e+02
5.10262e-05    	(-1.0636907e-03 -2.1107472e-02 -9.0470109e-04)	9.9964535e+04	2.9377178e+02
5.10999e-05    	(-1.0298460e-03 -2.1184930e-02 -1.2589717e-03)	9.9964413e+04	2.9377124e+02
5.11737e-05    	(-1.1086026e-03 -2.1139555e-02 -1.4775651e-03)	9.9964429e+04	2.9377122e+02
5.12474e-05    	(-1.2001739e-03 -2.1148959e-02 -1.7703037e-03)	9.9964165e+04	2.9376950e+02
5.13212e-05    	(-1.4101302e-03 -2.1259317e-02 -1.9502190e-03)	9.9963845e+04	2.9376802e+02
5.1395e-05     	(-1.5252195e-03 -2.1355105e-02 -2.2521791e-03)	9.9963690e+04	2.9376858e+02
5.14687e-05    	(-1.4879755e-03 -2.1567391e-02 -2.5641466e-03)	9.9963621e+04	2.9376887e+02
5.15424e-05    	(-1.4753602e-03 -2.1840875e-02 -2.8181014e-03)	9.9963792e+04	2.9376910e+02
5.16162e-05    	(-1.2237211e-03 -2.1935059e-02 -3.0681386e-03)	9.9963875e+04	2.9376917e+02
5.16899e-05    	(-8.2101459e-04 -2.2084948e-02 -3.0481121e-03)	9.9963991e+04	2.9377026e+02
5.17637e-05    	(-6.5222666e-04 -2.2060263e-02 -3.0461547e-03)	9.9964255e+04	2.9377050e+02
5.18375e-05    	(-5.9962866e-04 -2.2027418e-02 -2.9426533e-03)	9.9964405e+04	2.9377068e+02
5.19112e-05    	(-6.0892561e-04 -2.1967117e-02 -2.9414424e-03)	9.9964443e+04	2.9377194e+02
5.1985e-05     	(-4.5053942e-04 -2.1916068e-02 -3.0194753e-03)	9.9964582e+04	2.9377132e+02
5.20587e-05    	(-4.1221396e-04 -2.1821526e-02 -2.8943392e-03)	9.9964619e+04	2.9377000e+02
5.21325e-05    	(-1.5217050e-04 -2.1877183e-02 -2.8845971e-03)	9.9964536e+04	2.9377052e+02
5.22062e-05    	(3.7429931e-05 -2.1981091e-02 -2.8441386e-03)	9.9964814e+04	2.9377137e+02
5.228e-05      	(2.7897681e-05 -2.2043310e-02 -2.8842275e-03)	9.9964984e+04	2.9377208e+02
5.23538e-05    	(1.2821567e-04 -2.2047137e-02 -2.7801834e-03)	9.9965194e+04	2.9377271e+02
5.24276e-05    	(3.5957743e-04 -2.2001326e-02 -2.6293741e-03)	9.9965013e+04	2.9377143e+02
5.25013e-05    	(6.6238172e-04 -2.2101328e-02 -2.3685417e-03)	9.9965228e+04	2.9377027e+02
5.25751e-05    	(5.5947056e-04 -2.2012396e-02 -2.3578157e-03)	9.9964992e+04	2.9376964e+02
5.26488e-05    	(3.8250186e-04 -2.2093202e-02 -2.0527143e-03)	9.9965037e+04	2.9376991e+02
5.27226e-05    	(1.2846062e-05 -2.2301235e-02 -1.6743643e-03)	9.9965187e+04	2.9376996e+02
5.27964e-05    	(1.1968819e-04 -2.2233865e-02 -1.4042377e-03)	9.9965126e+04	2.9377048e+02
5.28702e-05    	(1.5806199e-04 -2.2155473e-02 -1.0773568e-03)	9.9965207e+04	2.9377108e+02
5.29439e-05    	(1.1865420e-04 -2.2118961e-02 -8.2598222e-04)	9.9965203e+04	2.9377056e+02
5.30177e-05    	(-5.3765912e-05 -2.2115253e-02 -5.6126960e-04)	9.9965361e+04	2.9377092e+02
5.30915e-05    	(-1.5650554e-04 -2.2122806e-02 -3.8548220e-04)	9.9965231e+04	2.9377055e+02
5.31652e-05    	(-3.2559110e-04 -2.2276271e-02 -3.4383136e-04)	9.9965354e+04	2.9377150e+02
5.3239e-05     	(-2.3538123e-04 -2.2310684e-02 -4.5303327e-04)	9.9965471e+04	2.9377157e+02
5.33128e-05    	(-2.8248031e-04 -2.2384535e-02 -6.4501497e-04)	9.9965349e+04	2.9377059e+02
5.33866e-05    	(-3.7114587e-04 -2.2520801e-02 -7.1757419e-04)	9.9965403e+04	2.9377088e+02
5.34604e-05    	(-3.8389861e-05 -2.2610724e-02 -8.2928525e-04)	9.9965741e+04	2.9377233e+02
5.35342e-05    	(5.0342342e-05 -2.2539713e-02 -9.3390071e-04)	9.9965911e+04	2.9377253e+02
5.36079e-05    	(1.5709966e-04 -2.2539554e-02 -9.2265398e-04)	9.9965894e+04	2.9377278e+02
5.36817e-05    	(3.0430031e-04 -2.2600987e-02 -1.0131905e-03)	9.9965842e+04	2.9376994e+02
5.37555e-05    	(2.0884928e-04 -2.2651231e-02 -1.2662045e-03)	9.9965679e+04	2.9377018e+02
5.38292e-05    	(-1.2312518e-04 -2.2779246e-02 -1.5844726e-03)	9.9965853e+04	2.9377118e+02
5.3903e-05     	(-3.8005545e-04 -2.2880849e-02 -1.8655671e-03)	9.9965987e+04	2.9377136e+02
5.39768e-05    	(-4.4240339e-04 -2.2920995e-02 -2.0655793e-03)	9.9966199e+04	2.9377167e+02
5.40506e-05    	(-3.0480926e-04 -2.2903294e-02 -2.2471589e-03)	9.9966410e+04	2.9377270e+02
5.41244e-05    	(-1.7596261e-04 -2.2858576e-02 -2.4085814e-03)	9.9966481e+04	2.9377271e+02
5.41982e-05    	(-8.8322541e-05 -2.2920340e-02 -2.4879492e-03)	9.9966636e+04	2.9377303e+02
5.42719e-05    	(-4.5523227e-05 -2.2784964e-02 -2.5654330e-03)	9.9966811e+04	2.9377328e+02
5.43457e-05    	(2.0730118e-06 -2.2715719e-02 -2.7180825e-03)	9.9966891e+04	2.9377427e+02
5.44195e-05    	(1.1858295e-04 -2.2781073e-02 -2.7752485e-03)	9.9966968e+04	2.9377413e+02
5.44933e-05    	(2.6104056e-04 -2.2918689e-02 -2.8585557e-03)	9.9967185e+04	2.9377519e+02
5.45671e-05    	(3.4263697e-04 -2.2980941e-02 -2.8394433e-03)	9.9967346e+04	2.9377476e+02
5.46409e-05    	(4.6535476e-04 -2.3024183e-02 -2.7283751e-03)	9.9967462e+04	2.9377428e+02
5.47147e-05    	(2.2905798e-04 -2.3073695e-02 -2.4897936e-03)	9.9967505e+04	2.9377227e+02
5.47885e-05    	(1.4653431e-06 -2.3079293e-02 -2.2841797e-03)	9.9967437e+04	2.9377323e+02
5.48623e-05    	(6.9360988e-05 -2.3082079e-02 -2.2401142e-03)	9.9967345e+04	2.9377224e+02
5.4936e-05     	(2.9543432e-04 -2.3273965e-02 -2.1876245e-03)	9.9967425e+04	2.9377316e+02
5.50098e-05    	(3.2942440e-04 -2.3368212e-02 -2.1379462e-03)	9.9967580e+04	2.9377413e+02
5.50836e-05    	(3.2206081e-04 -2.3416882e-02 -2.1753696e-03)	9.9967576e+04	2.9377280e+02
5.51574e-05    	(3.7745967e-04 -2.3456508e-02 -2.3352735e-03)	9.9967302e+04	2.9377151e+02
5.52312e-05    	(5.3418450e-04 -2.3618217e-02 -2.4980642e-03)	9.9967257e+04	2.9377308e+02
5.5305e-05     	(7.7386922e-04 -2.3934796e-02 -2.5592976e-03)	9.9967430e+04	2.9377289e+02
5.53788e-05    	(9.2709162e-04 -2.4083144e-02 -2.5730976e-03)	9.9967657e+04	2.9377296e+02
5.54526e-05    	(1.2643659e-03 -2.4155123e-02 -2.5575469e-03)	9.9967902e+04	2.9377436e+02
5.55264e-05    	(1.5061210e-03 -2.4120768e-02 -2.4959024e-03)	9.9968160e+04	2.9377529e+02
5.56002e-05    	(1.5728081e-03 -2.4078904e-02 -2.3712319e-03)	9.9968340e+04	2.9377430e+02
5.5674e-05     	(1.7874103e-03 -2.4163486e-02 -2.2708965e-03)	9.9968158e+04	2.9377364e+02
5.57478e-05    	(1.8409249e-03 -2.4273145e-02 -2.0919674e-03)	9.9968385e+04	2.9377477e+02
5.58216e-05    	(1.7629981e-03 -2.4436071e-02 -1.7752225e-03)	9.9968615e+04	2.9377554e+02
5.58954e-05    	(1.8503011e-03 -2.4450549e-02 -1.6574321e-03)	9.9968890e+04	2.9377681e+02
5.59692e-05    	(1.9184281e-03 -2.4457002e-02 -1.5583045e-03)	9.9969140e+04	2.9377692e+02
5.6043e-05     	(1.9317102e-03 -2.4529953e-02 -1.5391917e-03)	9.9969219e+04	2.9377670e+02
5.61167e-05    	(1.7604987e-03 -2.4554877e-02 -1.6728259e-03)	9.9969479e+04	2.9377723e+02
5.61905e-05    	(1.5968920e-03 -2.4583643e-02 -1.7579782e-03)	9.9969559e+04	2.9377713e+02
5.62643e-05    	(1.5057253e-03 -2.4634083e-02 -1.8477971e-03)	9.9969615e+04	2.9377802e+02
5.63381e-05    	(1.4849331e-03 -2.4725057e-02 -1.9121691e-03)	9.9969839e+04	2.9377762e+02
5.64119e-05    	(1.6240866e-03 -2.4844608e-02 -1.6911946e-03)	9.9970068e+04	2.9377834e+02
5.64857e-05    	(1.3552367e-03 -2.4810543e-02 -1.7355890e-03)	9.9970153e+04	2.9377913e+02
5.65595e-05    	(1.1292419e-03 -2.4761227e-02 -1.7820515e-03)	9.9970489e+04	2.9377886e+02
5.66333e-05    	(1.0873878e-03 -2.4682638e-02 -1.8827277e-03)	9.9970546e+04	2.9377984e+02
5.67071e-05    	(1.0913063e-03 -2.4633422e-02 -1.8887861e-03)	9.9970651e+04	2.9377773e+02
5.67809e-05    	(1.1114784e-03 -2.4644773e-02 -1.8344747e-03)	9.9970432e+04	2.9377652e+02
5.68547e-05    	(9.7869947e-04 -2.4797160e-02 -1.8950489e-03)	9.9970332e+04	2.9377827e+02
5.69284e-05    	(9.0578567e-04 -2.5104286e-02 -1.9705650e-03)	9.9970618e+04	2.9377902e+02
5.70022e-05    	(7.6728533e-04 -2.5193185e-02 -2.0960014e-03)	9.9970848e+04	2.9377883e+02
5.7076e-05     	(8.1859549e-04 -2.5172808e-02 -2.0529956e-03)	9.9970845e+04	2.9377908e+02
5.71497e-05    	(7.9617069e-04 -2.5159838e-02 -2.0148381e-03)	9.9971022e+04	2.9378002e+02
5.72235e-05    	(7.5049394e-04 -2.5133582e-02 -2.2606055e-03)	9.9970947e+04	2.9377827e+02
5.72973e-05    	(8.5948189e-04 -2.5262353e-02 -2.4200202e-03)	9.9971190e+04	2.9378060e+02
5.73711e-05    	(9.9464660e-04 -2.5369974e-02 -2.4332492e-03)	9.9971420e+04	2.9378030e+02
5.74449e-05    	(1.1043332e-03 -2.5408961e-02 -2.4295608e-03)	9.9971495e+04	2.9377935e+02
5.75187e-05    	(1.1020656e-03 -2.5418522e-02 -2.5901496e-03)	9.9971497e+04	2.9377973e+02
5.75924e-05    	(1.0219752e-03 -2.5499194e-02 -2.7690224e-03)	9.9971485e+04	2.9378023e+02
5.76662e-05    	(7.8345010e-04 -2.5723677e-02 -2.7950368e-03)	9.9971679e+04	2.9377910e+02
5.77399e-05    	(6.2612564e-04 -2.5821820e-02 -2.8840226e-03)	9.9971695e+04	2.9377932e+02
5.78137e-05    	(8.5209250e-04 -2.5813496e-02 -3.1244878e-03)	9.9971830e+04	2.9377992e+02
5.78875e-05    	(1.0237932e-03 -2.5958605e-02 -3.2295235e-03)	9.9971966e+04	2.9378113e+02
5.79612e-05    	(1.3728656e-03 -2.6047588e-02 -3.1472537e-03)	9.9972102e+04	2.9378083e+02
5.8035e-05     	(1.5223185e-03 -2.6201113e-02 -3.0212175e-03)	9.9972029e+04	2.9378056e+02
5.81087e-05    	(1.7854289e-03 -2.6355628e-02 -3.0709585e-03)	9.9972096e+04	2.9378030e+02
5.81824e-05    	(2.0247418e-03 -2.6445726e-02 -3.0932935e-03)	9.9972394e+04	2.9378061e+02
5.82562e-05    	(2.2405149e-03 -2.6497474e-02 -2.9844206e-03)	9.9972656e+04	2.9378115e+02
5.83299e-05    	(2.2176943e-03 -2.6567537e-02 -2.9251602e-03)	9.9972727e+04	2.9378154e+02
5.84037e-05    	(2.4562076e-03 -2.6647415e-02 -2.8335353e-03)	9.9972877e+04	2.9378174e+02
5.84774e-05    	(2.5017465e-03 -2.6622660e-02 -2.6564612e-03)	9.9973102e+04	2.9378209e+02
5.85511e-05    	(2.4740666e-03 -2.6604651e-02 -2.5041862e-03)	9.9973136e+04	2.9378253e+02
5.86248e-05    	(2.4297576e-03 -2.6634566e-02 -2.3782735e-03)	9.9973220e+04	2.9378237e+02
5.86986e-05    	(2.2676672e-03 -2.6732257e-02 -2.4016407e-03)	9.9973275e+04	2.9378160e+02
5.87723e-05    	(2.0768622e-03 -2.6876717e-02 -2.5992770e-03)	9.9973274e+04	2.9378143e+02
5.88461e-05    	(1.8872350e-03 -2.6974955e-02 -2.5970573e-03)	9.9973299e+04	2.9378137e+02
5.89197e-05    	(1.5337741e-03 -2.7150187e-02 -2.4490226e-03)	9.9973433e+04	2.9378270e+02
5.89934e-05    	(9.5656618e-04 -2.7353749e-02 -2.3720240e-03)	9.9973455e+04	2.9378201e+02
5.90671e-05    	(6.6874551e-04 -2.7359724e-02 -2.3493286e-03)	9.9973645e+04	2.9378224e+02
5.91409e-05    	(4.6162375e-04 -2.7479631e-02 -2.1596913e-03)	9.9973867e+04	2.9378141e+02
5.92146e-05    	(5.0752293e-04 -2.7493398e-02 -1.8942497e-03)	9.9973825e+04	2.9378181e+02
5.92883e-05    	(6.0555006e-04 -2.7565523e-02 -1.6851293e-03)	9.9973991e+04	2.9378258e+02
5.9362e-05     	(7.2104039e-04 -2.7644717e-02 -1.6265924e-03)	9.9974176e+04	2.9378329e+02
5.94357e-05    	(7.0376722e-04 -2.7689016e-02 -1.6561826e-03)	9.9974293e+04	2.9378399e+02
5.95094e-05    	(6.8466215e-04 -2.7826202e-02 -1.6148921e-03)	9.9974493e+04	2.9378416e+02
5.95831e-05    	(6.8055377e-04 -2.7846718e-02 -1.6275233e-03)	9.9974692e+04	2.9378494e+02
5.96568e-05    	(6.1626703e-04 -2.7848841e-02 -1.5142186e-03)	9.9975011e+04	2.9378565e+02
5.97305e-05    	(5.2620594e-04 -2.7858285e-02 -1.4911468e-03)	9.9975140e+04	2.9378521e+02
5.98042e-05    	(4.7082838e-04 -2.7862748e-02 -1.3272124e-03)	9.9975257e+04	2.9378384e+02
5.98779e-05    	(6.3357074e-04 -2.7772732e-02 -1.4164606e-03)	9.9975146e+04	2.9378494e+02
5.99515e-05    	(9.2349100e-04 -2.7915593e-02 -1.5235368e-03)	9.9975296e+04	2.9378591e+02
6.00252e-05    	(1.0146285e-03 -2.7947119e-02 -1.6399117e-03)	9.9975612e+04	2.9378705e+02
6.00989e-05    	(1.1546032e-03 -2.7914807e-02 -1.8107783e-03)	9.9975677e+04	2.9378564e+02
6.01725e-05    	(1.3093483e-03 -2.7902159e-02 -1.8805684e-03)	9.9975774e+04	2.9378505e+02
6.02462e-05    	(1.5313004e-03 -2.7884882e-02 -2.0164395e-03)	9.9975618e+04	2.9378499e+02
6.03198e-05    	(1.7648477e-03 -2.7977244e-02 -1.9312425e-03)	9.9975669e+04	2.9378522e+02
6.03935e-05    	(2.0557141e-03 -2.8065572e-02 -1.7123700e-03)	9.9975700e+04	2.9378582e+02
6.04672e-05    	(2.2163991e-03 -2.8195581e-02 -1.4660946e-03)	9.9975683e+04	2.9378413e+02
6.05408e-05    	(2.2663906e-03 -2.8372037e-02 -1.4298485e-03)	9.9975788e+04	2.9378392e+02
6.06145e-05    	(1.8887263e-03 -2.8468504e-02 -1.2707732e-03)	9.9976015e+04	2.9378439e+02
6.06881e-05    	(1.6233459e-03 -2.8455908e-02 -1.1632129e-03)	9.9975865e+04	2.9378368e+02
6.07618e-05    	(1.3166161e-03 -2.8544042e-02 -1.1375386e-03)	9.9975935e+04	2.9378562e+02
6.08354e-05    	(1.0867673e-03 -2.8640940e-02 -1.2192065e-03)	9.9976302e+04	2.9378601e+02
6.0909e-05     	(7.8352398e-04 -2.8633628e-02 -1.2297835e-03)	9.9976286e+04	2.9378601e+02
6.09827e-05    	(4.1187199e-04 -2.8710406e-02 -1.3948227e-03)	9.9976046e+04	2.9378419e+02
6.10563e-05    	(-5.3073890e-05 -2.8955381e-02 -1.4266282e-03)	9.9976278e+04	2.9378585e+02
6.11299e-05    	(-1.8865063e-04 -2.9058480e-02 -1.5308718e-03)	9.9976438e+04	2.9378582e+02
6.12035e-05    	(-3.6977489e-04 -2.9204915e-02 -1.7144752e-03)	9.9976592e+04	2.9378556e+02
6.12771e-05    	(-2.8453013e-04 -2.9268951e-02 -1.8063394e-03)	9.9976761e+04	2.9378686e+02
6.13506e-05    	(-3.0335814e-04 -2.9361120e-02 -1.9811043e-03)	9.9977073e+04	2.9378781e+02
6.14242e-05    	(-2.9495886e-04 -2.9312401e-02 -1.9125488e-03)	9.9977359e+04	2.9378803e+02
6.14978e-05    	(-2.6977588e-04 -2.9175126e-02 -1.8734615e-03)	9.9977583e+04	2.9378830e+02
6.15713e-05    	(-1.7099928e-04 -2.9092572e-02 -1.8248093e-03)	9.9977660e+04	2.9378879e+02
6.16449e-05    	(6.1183731e-05 -2.9081224e-02 -1.7388251e-03)	9.9977844e+04	2.9378920e+02
6.17185e-05    	(1.6637209e-04 -2.9016716e-02 -1.6622860e-03)	9.9978059e+04	2.9379015e+02
6.1792e-05     	(2.5880938e-04 -2.8961194e-02 -1.6371537e-03)	9.9978310e+04	2.9378945e+02
6.18656e-05    	(3.5977471e-04 -2.8892499e-02 -1.6794899e-03)	9.9978245e+04	2.9378787e+02
6.19391e-05    	(3.5140773e-04 -2.8995418e-02 -1.5453059e-03)	9.9977989e+04	2.9378728e+02
6.20126e-05    	(2.7222917e-04 -2.9033553e-02 -1.4444907e-03)	9.9978072e+04	2.9378839e+02
6.20862e-05    	(6.2862737e-05 -2.9201587e-02 -1.2161702e-03)	9.9978372e+04	2.9378842e+02
6.21597e-05    	(-1.0457075e-04 -2.9192984e-02 -1.1614775e-03)	9.9978280e+04	2.9378777e+02
6.22332e-05    	(-2.9546480e-04 -2.9252402e-02 -1.0611256e-03)	9.9978391e+04	2.9378933e+02
6.23068e-05    	(-4.4248251e-04 -2.9301827e-02 -9.6984958e-04)	9.9978308e+04	2.9378794e+02
6.23803e-05    	(-4.8612698e-04 -2.9512125e-02 -9.1678056e-04)	9.9978431e+04	2.9378888e+02
6.24538e-05    	(-1.0581573e-03 -2.9634149e-02 -9.2911712e-04)	9.9978517e+04	2.9378753e+02
6.25273e-05    	(-1.1843255e-03 -2.9661953e-02 -1.0979240e-03)	9.9978357e+04	2.9378720e+02
6.26008e-05    	(-1.2463623e-03 -2.9827921e-02 -1.1687367e-03)	9.9978375e+04	2.9378699e+02
6.26743e-05    	(-1.2379629e-03 -2.9975408e-02 -1.2162024e-03)	9.9978307e+04	2.9378787e+02
6.27478e-05    	(-1.1864111e-03 -3.0184771e-02 -1.2338688e-03)	9.9978637e+04	2.9378814e+02
6.28213e-05    	(-9.9754364e-04 -3.0305886e-02 -1.2508630e-03)	9.9978600e+04	2.9378813e+02
