# Region type : patch inlet
# Faces  :     285
# Area   :     1.5850195e-05
# Time         	average(U)	average(p)	average(T)	average(rho)
0              	(0.0000000e+00 0.0000000e+00 0.0000000e+00)	1.1000000e+05	2.9400000e+02	1.3004948e+00
4.82697e-07    	(1.7232924e+01 -1.2943841e-01 -1.4696441e+01)	1.0959490e+05	2.9368684e+02	1.2970863e+00
8.85764e-07    	(1.8056237e+01 -1.5290596e-01 -1.5277423e+01)	1.0958458e+05	2.9367624e+02	1.2970116e+00
1.28883e-06    	(1.8094261e+01 -1.8089857e-01 -1.5290645e+01)	1.0959026e+05	2.9367782e+02	1.2970718e+00
1.6919e-06     	(1.8415683e+01 -1.9641390e-01 -1.5574580e+01)	1.0957935e+05	2.9366671e+02	1.2969918e+00
2.09497e-06    	(1.9183300e+01 -1.3888089e-01 -1.6120443e+01)	1.0954465e+05	2.9363735e+02	1.2967106e+00
2.28068e-06    	(1.9380742e+01 -1.7152635e-01 -1.6259413e+01)	1.0953634e+05	2.9362972e+02	1.2966460e+00
2.4664e-06     	(1.9557503e+01 -1.6519697e-01 -1.6411457e+01)	1.0952817e+05	2.9362218e+02	1.2965824e+00
2.65212e-06    	(1.9864050e+01 -1.6120828e-01 -1.6663190e+01)	1.0951341e+05	2.9360960e+02	1.2964633e+00
2.83785e-06    	(2.0249213e+01 -1.6270740e-01 -1.6977126e+01)	1.0949426e+05	2.9359364e+02	1.2963070e+00
3.02358e-06    	(2.0618209e+01 -1.5284496e-01 -1.7238396e+01)	1.0947428e+05	2.9357705e+02	1.2961436e+00
3.20931e-06    	(2.1087193e+01 -1.6906819e-01 -1.7619057e+01)	1.0944994e+05	2.9355712e+02	1.2959433e+00
3.39504e-06    	(2.1414036e+01 -1.8249078e-01 -1.7913014e+01)	1.0943237e+05	2.9354236e+02	1.2958002e+00
3.58079e-06    	(2.1807772e+01 -1.8661822e-01 -1.8237225e+01)	1.0941118e+05	2.9352484e+02	1.2956266e+00
3.76653e-06    	(2.2212809e+01 -1.9543125e-01 -1.8572635e+01)	1.0938918e+05	2.9350669e+02	1.2954461e+00
3.95227e-06    	(2.2636172e+01 -2.0454057e-01 -1.8924824e+01)	1.0936579e+05	2.9348747e+02	1.2952538e+00
4.13801e-06    	(2.3079359e+01 -2.1247661e-01 -1.9292352e+01)	1.0934082e+05	2.9346703e+02	1.2950481e+00
4.32376e-06    	(2.3533765e+01 -2.1878421e-01 -1.9671758e+01)	1.0931462e+05	2.9344566e+02	1.2948320e+00
4.5095e-06     	(2.3997818e+01 -2.2525181e-01 -2.0060645e+01)	1.0928726e+05	2.9342338e+02	1.2946060e+00
4.69524e-06    	(2.4457814e+01 -2.3036376e-01 -2.0446449e+01)	1.0925946e+05	2.9340076e+02	1.2943764e+00
4.881e-06      	(2.4909440e+01 -2.3493862e-01 -2.0826785e+01)	1.0923152e+05	2.9337803e+02	1.2941455e+00
5.06679e-06    	(2.5347235e+01 -2.3886554e-01 -2.1196501e+01)	1.0920380e+05	2.9335546e+02	1.2939164e+00
5.25257e-06    	(2.5768334e+01 -2.4314730e-01 -2.1552622e+01)	1.0917654e+05	2.9333324e+02	1.2936912e+00
5.43835e-06    	(2.6173763e+01 -2.4831168e-01 -2.1895846e+01)	1.0914974e+05	2.9331137e+02	1.2934698e+00
5.62413e-06    	(2.6565041e+01 -2.5435010e-01 -2.2227137e+01)	1.0912332e+05	2.9328978e+02	1.2932517e+00
5.80991e-06    	(2.6943516e+01 -2.6159541e-01 -2.2546276e+01)	1.0909731e+05	2.9326851e+02	1.2930370e+00
5.99569e-06    	(2.7308735e+01 -2.6942425e-01 -2.2852958e+01)	1.0907182e+05	2.9324762e+02	1.2928267e+00
6.18147e-06    	(2.7660044e+01 -2.7766936e-01 -2.3147498e+01)	1.0904692e+05	2.9322719e+02	1.2926213e+00
6.36725e-06    	(2.7998689e+01 -2.8667626e-01 -2.3432110e+01)	1.0902254e+05	2.9320714e+02	1.2924203e+00
6.55304e-06    	(2.8327023e+01 -2.9609186e-01 -2.3708545e+01)	1.0899850e+05	2.9318737e+02	1.2922223e+00
6.73885e-06    	(2.8648519e+01 -3.0603170e-01 -2.3979042e+01)	1.0897460e+05	2.9316768e+02	1.2920252e+00
6.92463e-06    	(2.8964220e+01 -3.1700054e-01 -2.4244470e+01)	1.0895075e+05	2.9314803e+02	1.2918287e+00
7.11041e-06    	(2.9272321e+01 -3.2877376e-01 -2.4503655e+01)	1.0892711e+05	2.9312854e+02	1.2916339e+00
7.29619e-06    	(2.9571822e+01 -3.4094922e-01 -2.4755981e+01)	1.0890378e+05	2.9310929e+02	1.2914417e+00
7.48197e-06    	(2.9863022e+01 -3.5311561e-01 -2.5001829e+01)	1.0888075e+05	2.9309026e+02	1.2912520e+00
7.66775e-06    	(3.0147110e+01 -3.6537972e-01 -2.5241705e+01)	1.0885797e+05	2.9307141e+02	1.2910644e+00
7.85352e-06    	(3.0425935e+01 -3.7772956e-01 -2.5476916e+01)	1.0883534e+05	2.9305268e+02	1.2908781e+00
8.0393e-06     	(3.0698288e+01 -3.9002742e-01 -2.5706657e+01)	1.0881300e+05	2.9303417e+02	1.2906942e+00
8.22508e-06    	(3.0963341e+01 -4.0195582e-01 -2.5929967e+01)	1.0879109e+05	2.9301599e+02	1.2905139e+00
8.41086e-06    	(3.1221239e+01 -4.1338733e-01 -2.6146910e+01)	1.0876962e+05	2.9299814e+02	1.2903374e+00
8.59664e-06    	(3.1472654e+01 -4.2416320e-01 -2.6358241e+01)	1.0874857e+05	2.9298061e+02	1.2901643e+00
8.69667e-06    	(3.1606089e+01 -4.2977980e-01 -2.6470230e+01)	1.0873735e+05	2.9297126e+02	1.2900721e+00
8.79669e-06    	(3.1738561e+01 -4.3531134e-01 -2.6581280e+01)	1.0872618e+05	2.9296195e+02	1.2899804e+00
8.89672e-06    	(3.1869985e+01 -4.4071598e-01 -2.6691340e+01)	1.0871508e+05	2.9295269e+02	1.2898892e+00
8.99674e-06    	(3.2000204e+01 -4.4601655e-01 -2.6800286e+01)	1.0870406e+05	2.9294349e+02	1.2897987e+00
9.09677e-06    	(3.2129154e+01 -4.5123530e-01 -2.6908072e+01)	1.0869313e+05	2.9293436e+02	1.2897089e+00
9.19679e-06    	(3.2256834e+01 -4.5642507e-01 -2.7014728e+01)	1.0868229e+05	2.9292530e+02	1.2896200e+00
9.29682e-06    	(3.2383264e+01 -4.6163550e-01 -2.7120286e+01)	1.0867154e+05	2.9291632e+02	1.2895318e+00
9.39685e-06    	(3.2508541e+01 -4.6685237e-01 -2.7224838e+01)	1.0866088e+05	2.9290740e+02	1.2894443e+00
9.49687e-06    	(3.2632731e+01 -4.7212964e-01 -2.7328463e+01)	1.0865031e+05	2.9289854e+02	1.2893576e+00
9.5969e-06     	(3.2755937e+01 -4.7749479e-01 -2.7431225e+01)	1.0863981e+05	2.9288974e+02	1.2892715e+00
9.69692e-06    	(3.2878322e+01 -4.8294903e-01 -2.7533273e+01)	1.0862938e+05	2.9288099e+02	1.2891859e+00
9.79695e-06    	(3.3000033e+01 -4.8846750e-01 -2.7634715e+01)	1.0861900e+05	2.9287229e+02	1.2891008e+00
9.89697e-06    	(3.3121096e+01 -4.9405943e-01 -2.7735601e+01)	1.0860866e+05	2.9286362e+02	1.2890161e+00
9.997e-06      	(3.3241588e+01 -4.9970912e-01 -2.7836039e+01)	1.0859838e+05	2.9285498e+02	1.2889318e+00
1.0097e-05     	(3.3361516e+01 -5.0539839e-01 -2.7936048e+01)	1.0858813e+05	2.9284638e+02	1.2888479e+00
1.01971e-05    	(3.3480897e+01 -5.1110318e-01 -2.8035655e+01)	1.0857792e+05	2.9283780e+02	1.2887642e+00
1.02971e-05    	(3.3599782e+01 -5.1680461e-01 -2.8134934e+01)	1.0856775e+05	2.9282925e+02	1.2886809e+00
1.03971e-05    	(3.3718143e+01 -5.2247316e-01 -2.8233874e+01)	1.0855761e+05	2.9282073e+02	1.2885978e+00
1.04971e-05    	(3.3836006e+01 -5.2808196e-01 -2.8332504e+01)	1.0854751e+05	2.9281224e+02	1.2885151e+00
1.05972e-05    	(3.3953361e+01 -5.3361252e-01 -2.8430820e+01)	1.0853744e+05	2.9280377e+02	1.2884326e+00
1.06972e-05    	(3.4070194e+01 -5.3906913e-01 -2.8528810e+01)	1.0852741e+05	2.9279533e+02	1.2883505e+00
1.07972e-05    	(3.4186457e+01 -5.4447580e-01 -2.8626442e+01)	1.0851742e+05	2.9278692e+02	1.2882687e+00
1.08972e-05    	(3.4302119e+01 -5.4983258e-01 -2.8723694e+01)	1.0850748e+05	2.9277855e+02	1.2881872e+00
1.09973e-05    	(3.4417152e+01 -5.5511135e-01 -2.8820539e+01)	1.0849758e+05	2.9277022e+02	1.2881062e+00
1.10973e-05    	(3.4531582e+01 -5.6029063e-01 -2.8916889e+01)	1.0848774e+05	2.9276192e+02	1.2880257e+00
1.11973e-05    	(3.4645297e+01 -5.6536520e-01 -2.9012657e+01)	1.0847796e+05	2.9275367e+02	1.2879456e+00
1.12973e-05    	(3.4758172e+01 -5.7032599e-01 -2.9107770e+01)	1.0846825e+05	2.9274548e+02	1.2878662e+00
1.13974e-05    	(3.4870137e+01 -5.7513461e-01 -2.9202199e+01)	1.0845862e+05	2.9273735e+02	1.2877875e+00
1.14974e-05    	(3.4981108e+01 -5.7976164e-01 -2.9295892e+01)	1.0844907e+05	2.9272928e+02	1.2877094e+00
1.15974e-05    	(3.5091001e+01 -5.8421140e-01 -2.9388777e+01)	1.0843962e+05	2.9272128e+02	1.2876322e+00
1.16974e-05    	(3.5199792e+01 -5.8848117e-01 -2.9480828e+01)	1.0843026e+05	2.9271336e+02	1.2875557e+00
1.17975e-05    	(3.5307515e+01 -5.9256401e-01 -2.9572048e+01)	1.0842099e+05	2.9270551e+02	1.2874800e+00
1.18975e-05    	(3.5414192e+01 -5.9644728e-01 -2.9662425e+01)	1.0841182e+05	2.9269773e+02	1.2874051e+00
1.19975e-05    	(3.5519813e+01 -6.0011037e-01 -2.9751914e+01)	1.0840274e+05	2.9269002e+02	1.2873310e+00
1.20975e-05    	(3.5624330e+01 -6.0356426e-01 -2.9840486e+01)	1.0839376e+05	2.9268239e+02	1.2872578e+00
1.21976e-05    	(3.5727733e+01 -6.0677439e-01 -2.9928111e+01)	1.0838488e+05	2.9267483e+02	1.2871854e+00
1.22976e-05    	(3.5830096e+01 -6.0970777e-01 -3.0014807e+01)	1.0837610e+05	2.9266736e+02	1.2871138e+00
1.23976e-05    	(3.5931392e+01 -6.1237477e-01 -3.0100575e+01)	1.0836742e+05	2.9265995e+02	1.2870431e+00
1.24976e-05    	(3.6031587e+01 -6.1478468e-01 -3.0185404e+01)	1.0835884e+05	2.9265263e+02	1.2869732e+00
1.25977e-05    	(3.6130674e+01 -6.1694287e-01 -3.0269291e+01)	1.0835036e+05	2.9264538e+02	1.2869042e+00
1.26977e-05    	(3.6228699e+01 -6.1883474e-01 -3.0352273e+01)	1.0834198e+05	2.9263821e+02	1.2868360e+00
1.27977e-05    	(3.6325763e+01 -6.2045430e-01 -3.0434423e+01)	1.0833369e+05	2.9263111e+02	1.2867686e+00
1.28977e-05    	(3.6421864e+01 -6.2180812e-01 -3.0515728e+01)	1.0832548e+05	2.9262408e+02	1.2867019e+00
1.29978e-05    	(3.6516785e+01 -6.2292495e-01 -3.0596027e+01)	1.0831739e+05	2.9261713e+02	1.2866361e+00
1.30978e-05    	(3.6610393e+01 -6.2381703e-01 -3.0675229e+01)	1.0830940e+05	2.9261026e+02	1.2865713e+00
1.31978e-05    	(3.6702877e+01 -6.2441970e-01 -3.0753488e+01)	1.0830153e+05	2.9260348e+02	1.2865074e+00
1.32978e-05    	(3.6794284e+01 -6.2472230e-01 -3.0830856e+01)	1.0829375e+05	2.9259678e+02	1.2864444e+00
1.33978e-05    	(3.6884454e+01 -6.2475357e-01 -3.0907184e+01)	1.0828610e+05	2.9259017e+02	1.2863823e+00
1.34979e-05    	(3.6973316e+01 -6.2455713e-01 -3.0982420e+01)	1.0827856e+05	2.9258365e+02	1.2863213e+00
1.35979e-05    	(3.7060904e+01 -6.2414284e-01 -3.1056609e+01)	1.0827114e+05	2.9257722e+02	1.2862613e+00
1.36979e-05    	(3.7147258e+01 -6.2351274e-01 -3.1129798e+01)	1.0826384e+05	2.9257089e+02	1.2862023e+00
1.37979e-05    	(3.7232396e+01 -6.2269869e-01 -3.1201977e+01)	1.0825665e+05	2.9256464e+02	1.2861442e+00
1.38979e-05    	(3.7316368e+01 -6.2171680e-01 -3.1273176e+01)	1.0824957e+05	2.9255848e+02	1.2860871e+00
1.39979e-05    	(3.7399247e+01 -6.2058034e-01 -3.1343470e+01)	1.0824260e+05	2.9255240e+02	1.2860309e+00
1.40979e-05    	(3.7481096e+01 -6.1929089e-01 -3.1412870e+01)	1.0823573e+05	2.9254640e+02	1.2859755e+00
1.4198e-05     	(3.7562054e+01 -6.1783982e-01 -3.1481455e+01)	1.0822894e+05	2.9254046e+02	1.2859209e+00
1.4298e-05     	(3.7642160e+01 -6.1626581e-01 -3.1549302e+01)	1.0822224e+05	2.9253459e+02	1.2858669e+00
1.4398e-05     	(3.7721452e+01 -6.1457284e-01 -3.1616460e+01)	1.0821561e+05	2.9252877e+02	1.2858136e+00
1.4498e-05     	(3.7799946e+01 -6.1276776e-01 -3.1682951e+01)	1.0820905e+05	2.9252301e+02	1.2857609e+00
1.4598e-05     	(3.7877642e+01 -6.1086101e-01 -3.1748775e+01)	1.0820257e+05	2.9251731e+02	1.2857089e+00
1.4698e-05     	(3.7954582e+01 -6.0887017e-01 -3.1813972e+01)	1.0819616e+05	2.9251167e+02	1.2856574e+00
1.4798e-05     	(3.8030809e+01 -6.0681321e-01 -3.1878579e+01)	1.0818981e+05	2.9250607e+02	1.2856065e+00
1.48981e-05    	(3.8106390e+01 -6.0470975e-01 -3.1942659e+01)	1.0818352e+05	2.9250052e+02	1.2855560e+00
1.49981e-05    	(3.8181376e+01 -6.0257117e-01 -3.2006270e+01)	1.0817728e+05	2.9249501e+02	1.2855061e+00
1.50981e-05    	(3.8255804e+01 -6.0039832e-01 -3.2069442e+01)	1.0817109e+05	2.9248954e+02	1.2854565e+00
1.51981e-05    	(3.8329757e+01 -5.9818827e-01 -3.2132219e+01)	1.0816495e+05	2.9248410e+02	1.2854073e+00
1.52981e-05    	(3.8403288e+01 -5.9595865e-01 -3.2194633e+01)	1.0815883e+05	2.9247869e+02	1.2853583e+00
1.53981e-05    	(3.8476501e+01 -5.9372202e-01 -3.2256771e+01)	1.0815275e+05	2.9247329e+02	1.2853097e+00
1.54982e-05    	(3.8549461e+01 -5.9148683e-01 -3.2318697e+01)	1.0814668e+05	2.9246792e+02	1.2852611e+00
1.55982e-05    	(3.8622233e+01 -5.8925593e-01 -3.2380467e+01)	1.0814063e+05	2.9246255e+02	1.2852127e+00
1.56962e-05    	(3.8693445e+01 -5.8706285e-01 -3.2440910e+01)	1.0813470e+05	2.9245730e+02	1.2851653e+00
1.57943e-05    	(3.8764592e+01 -5.8485397e-01 -3.2501292e+01)	1.0812878e+05	2.9245204e+02	1.2851180e+00
1.58923e-05    	(3.8835736e+01 -5.8263630e-01 -3.2561679e+01)	1.0812284e+05	2.9244678e+02	1.2850705e+00
1.59904e-05    	(3.8906938e+01 -5.8041213e-01 -3.2622129e+01)	1.0811690e+05	2.9244151e+02	1.2850229e+00
1.60884e-05    	(3.8978272e+01 -5.7818068e-01 -3.2682677e+01)	1.0811093e+05	2.9243623e+02	1.2849752e+00
1.61865e-05    	(3.9049781e+01 -5.7594714e-01 -3.2743359e+01)	1.0810493e+05	2.9243092e+02	1.2849272e+00
1.62845e-05    	(3.9121512e+01 -5.7371270e-01 -3.2804219e+01)	1.0809891e+05	2.9242559e+02	1.2848790e+00
1.63826e-05    	(3.9193510e+01 -5.7147982e-01 -3.2865294e+01)	1.0809285e+05	2.9242023e+02	1.2848305e+00
1.64806e-05    	(3.9265812e+01 -5.6925441e-01 -3.2926619e+01)	1.0808675e+05	2.9241484e+02	1.2847816e+00
1.65787e-05    	(3.9338439e+01 -5.6704293e-01 -3.2988213e+01)	1.0808060e+05	2.9240942e+02	1.2847323e+00
1.66767e-05    	(3.9411426e+01 -5.6485022e-01 -3.3050097e+01)	1.0807441e+05	2.9240396e+02	1.2846827e+00
1.67748e-05    	(3.9484807e+01 -5.6268053e-01 -3.3112298e+01)	1.0806816e+05	2.9239846e+02	1.2846326e+00
1.68728e-05    	(3.9558626e+01 -5.6053588e-01 -3.3174864e+01)	1.0806186e+05	2.9239292e+02	1.2845820e+00
1.69709e-05    	(3.9632921e+01 -5.5841210e-01 -3.3237822e+01)	1.0805550e+05	2.9238733e+02	1.2845309e+00
1.70689e-05    	(3.9707701e+01 -5.5630945e-01 -3.3301180e+01)	1.0804908e+05	2.9238169e+02	1.2844793e+00
1.7167e-05     	(3.9782990e+01 -5.5423190e-01 -3.3364949e+01)	1.0804259e+05	2.9237600e+02	1.2844272e+00
1.7265e-05     	(3.9858803e+01 -5.5218329e-01 -3.3429148e+01)	1.0803604e+05	2.9237026e+02	1.2843744e+00
1.73631e-05    	(3.9935138e+01 -5.5017355e-01 -3.3493775e+01)	1.0802942e+05	2.9236447e+02	1.2843211e+00
1.74611e-05    	(4.0011982e+01 -5.4821275e-01 -3.3558818e+01)	1.0802272e+05	2.9235863e+02	1.2842672e+00
1.75592e-05    	(4.0089346e+01 -5.4630589e-01 -3.3624286e+01)	1.0801597e+05	2.9235273e+02	1.2842128e+00
1.76572e-05    	(4.0167227e+01 -5.4445935e-01 -3.3690174e+01)	1.0800914e+05	2.9234677e+02	1.2841577e+00
1.77553e-05    	(4.0245619e+01 -5.4267131e-01 -3.3756474e+01)	1.0800224e+05	2.9234076e+02	1.2841020e+00
1.78533e-05    	(4.0324517e+01 -5.4095272e-01 -3.3823201e+01)	1.0799526e+05	2.9233470e+02	1.2840457e+00
1.79514e-05    	(4.0403885e+01 -5.3929858e-01 -3.3890316e+01)	1.0798822e+05	2.9232858e+02	1.2839889e+00
1.80494e-05    	(4.0483711e+01 -5.3770983e-01 -3.3957812e+01)	1.0798112e+05	2.9232241e+02	1.2839314e+00
1.81475e-05    	(4.0563961e+01 -5.3618750e-01 -3.4025677e+01)	1.0797394e+05	2.9231619e+02	1.2838734e+00
1.82455e-05    	(4.0644625e+01 -5.3472572e-01 -3.4093913e+01)	1.0796670e+05	2.9230992e+02	1.2838148e+00
1.83436e-05    	(4.0725702e+01 -5.3333186e-01 -3.4162513e+01)	1.0795939e+05	2.9230359e+02	1.2837557e+00
1.84416e-05    	(4.0807194e+01 -5.3200516e-01 -3.4231470e+01)	1.0795202e+05	2.9229722e+02	1.2836960e+00
1.85396e-05    	(4.0889076e+01 -5.3073806e-01 -3.4300753e+01)	1.0794458e+05	2.9229079e+02	1.2836357e+00
1.86377e-05    	(4.0971335e+01 -5.2952380e-01 -3.4370322e+01)	1.0793709e+05	2.9228431e+02	1.2835750e+00
1.87357e-05    	(4.1053962e+01 -5.2836308e-01 -3.4440197e+01)	1.0792953e+05	2.9227779e+02	1.2835137e+00
1.88337e-05    	(4.1136924e+01 -5.2725038e-01 -3.4510365e+01)	1.0792191e+05	2.9227122e+02	1.2834518e+00
1.89318e-05    	(4.1220102e+01 -5.2622224e-01 -3.4580709e+01)	1.0791424e+05	2.9226461e+02	1.2833896e+00
1.90298e-05    	(4.1303440e+01 -5.2526945e-01 -3.4651185e+01)	1.0790653e+05	2.9225797e+02	1.2833270e+00
1.91279e-05    	(4.1386940e+01 -5.2437446e-01 -3.4721803e+01)	1.0789877e+05	2.9225130e+02	1.2832641e+00
1.92259e-05    	(4.1470605e+01 -5.2353541e-01 -3.4792563e+01)	1.0789098e+05	2.9224459e+02	1.2832008e+00
1.93239e-05    	(4.1554412e+01 -5.2275871e-01 -3.4863446e+01)	1.0788314e+05	2.9223785e+02	1.2831371e+00
1.9422e-05     	(4.1638301e+01 -5.2204934e-01 -3.4934422e+01)	1.0787527e+05	2.9223109e+02	1.2830732e+00
1.952e-05      	(4.1722243e+01 -5.2140246e-01 -3.5005472e+01)	1.0786737e+05	2.9222429e+02	1.2830089e+00
1.96181e-05    	(4.1806201e+01 -5.2080831e-01 -3.5076554e+01)	1.0785943e+05	2.9221748e+02	1.2829444e+00
1.97161e-05    	(4.1890150e+01 -5.2026467e-01 -3.5147630e+01)	1.0785148e+05	2.9221064e+02	1.2828797e+00
1.98141e-05    	(4.1974075e+01 -5.1976566e-01 -3.5218670e+01)	1.0784350e+05	2.9220379e+02	1.2828148e+00
1.99122e-05    	(4.2057933e+01 -5.1932142e-01 -3.5289616e+01)	1.0783550e+05	2.9219692e+02	1.2827498e+00
2.00102e-05    	(4.2141696e+01 -5.1892843e-01 -3.5360448e+01)	1.0782749e+05	2.9219005e+02	1.2826846e+00
2.01083e-05    	(4.2225340e+01 -5.1857256e-01 -3.5431139e+01)	1.0781947e+05	2.9218316e+02	1.2826194e+00
2.02063e-05    	(4.2308814e+01 -5.1826296e-01 -3.5501649e+01)	1.0781145e+05	2.9217627e+02	1.2825541e+00
2.03043e-05    	(4.2392095e+01 -5.1800566e-01 -3.5571958e+01)	1.0780343e+05	2.9216938e+02	1.2824888e+00
2.04024e-05    	(4.2475170e+01 -5.1779708e-01 -3.5642054e+01)	1.0779540e+05	2.9216249e+02	1.2824236e+00
2.05004e-05    	(4.2558014e+01 -5.1763434e-01 -3.5711921e+01)	1.0778738e+05	2.9215561e+02	1.2823583e+00
2.05984e-05    	(4.2640538e+01 -5.1751488e-01 -3.5781488e+01)	1.0777937e+05	2.9214873e+02	1.2822931e+00
2.06963e-05    	(4.2722775e+01 -5.1743433e-01 -3.5850794e+01)	1.0777138e+05	2.9214186e+02	1.2822281e+00
2.07943e-05    	(4.2804686e+01 -5.1738351e-01 -3.5919807e+01)	1.0776339e+05	2.9213499e+02	1.2821631e+00
2.08922e-05    	(4.2886229e+01 -5.1735857e-01 -3.5988492e+01)	1.0775542e+05	2.9212815e+02	1.2820983e+00
2.09902e-05    	(4.2967378e+01 -5.1735723e-01 -3.6056834e+01)	1.0774748e+05	2.9212132e+02	1.2820336e+00
2.10881e-05    	(4.3048111e+01 -5.1737518e-01 -3.6124815e+01)	1.0773956e+05	2.9211450e+02	1.2819692e+00
2.11861e-05    	(4.3128415e+01 -5.1741258e-01 -3.6192427e+01)	1.0773166e+05	2.9210771e+02	1.2819050e+00
2.1284e-05     	(4.3208290e+01 -5.1747362e-01 -3.6259674e+01)	1.0772380e+05	2.9210094e+02	1.2818410e+00
2.1382e-05     	(4.3287714e+01 -5.1755401e-01 -3.6326548e+01)	1.0771597e+05	2.9209419e+02	1.2817774e+00
2.148e-05      	(4.3366675e+01 -5.1765164e-01 -3.6393036e+01)	1.0770817e+05	2.9208747e+02	1.2817140e+00
2.15772e-05    	(4.3444579e+01 -5.1777329e-01 -3.6458647e+01)	1.0770046e+05	2.9208083e+02	1.2816513e+00
2.16745e-05    	(4.3521992e+01 -5.1791372e-01 -3.6523854e+01)	1.0769279e+05	2.9207422e+02	1.2815890e+00
2.17717e-05    	(4.3598906e+01 -5.1807020e-01 -3.6588645e+01)	1.0768516e+05	2.9206763e+02	1.2815270e+00
2.1869e-05     	(4.3675299e+01 -5.1823831e-01 -3.6653000e+01)	1.0767758e+05	2.9206108e+02	1.2814654e+00
2.19662e-05    	(4.3751167e+01 -5.1841457e-01 -3.6716914e+01)	1.0767004e+05	2.9205457e+02	1.2814042e+00
2.20635e-05    	(4.3826505e+01 -5.1859518e-01 -3.6780378e+01)	1.0766254e+05	2.9204808e+02	1.2813433e+00
2.21607e-05    	(4.3901329e+01 -5.1877314e-01 -3.6843379e+01)	1.0765509e+05	2.9204164e+02	1.2812828e+00
2.2258e-05     	(4.3975674e+01 -5.1894692e-01 -3.6905913e+01)	1.0764769e+05	2.9203523e+02	1.2812228e+00
2.23552e-05    	(4.4049483e+01 -5.1912667e-01 -3.6967967e+01)	1.0764033e+05	2.9202885e+02	1.2811631e+00
2.24525e-05    	(4.4122713e+01 -5.1931375e-01 -3.7029519e+01)	1.0763303e+05	2.9202252e+02	1.2811039e+00
2.25497e-05    	(4.4195373e+01 -5.1949416e-01 -3.7090586e+01)	1.0762578e+05	2.9201623e+02	1.2810451e+00
2.2647e-05     	(4.4267465e+01 -5.1967055e-01 -3.7151177e+01)	1.0761858e+05	2.9200998e+02	1.2809868e+00
2.27442e-05    	(4.4338992e+01 -5.1984582e-01 -3.7211297e+01)	1.0761144e+05	2.9200377e+02	1.2809290e+00
2.28415e-05    	(4.4409964e+01 -5.2001696e-01 -3.7270956e+01)	1.0760435e+05	2.9199761e+02	1.2808715e+00
2.29387e-05    	(4.4480380e+01 -5.2018416e-01 -3.7330149e+01)	1.0759731e+05	2.9199148e+02	1.2808146e+00
2.3036e-05     	(4.4550241e+01 -5.2034802e-01 -3.7388875e+01)	1.0759033e+05	2.9198539e+02	1.2807580e+00
2.31332e-05    	(4.4619550e+01 -5.2050897e-01 -3.7447136e+01)	1.0758339e+05	2.9197934e+02	1.2807020e+00
2.32305e-05    	(4.4688333e+01 -5.2068518e-01 -3.7504960e+01)	1.0757651e+05	2.9197334e+02	1.2806463e+00
2.33277e-05    	(4.4756584e+01 -5.2087287e-01 -3.7562345e+01)	1.0756968e+05	2.9196737e+02	1.2805911e+00
2.3425e-05     	(4.4824304e+01 -5.2106663e-01 -3.7619295e+01)	1.0756291e+05	2.9196145e+02	1.2805364e+00
2.35222e-05    	(4.4891515e+01 -5.2126578e-01 -3.7675833e+01)	1.0755618e+05	2.9195556e+02	1.2804820e+00
2.36195e-05    	(4.4958243e+01 -5.2146901e-01 -3.7731980e+01)	1.0754950e+05	2.9194971e+02	1.2804281e+00
2.37167e-05    	(4.5024524e+01 -5.2167273e-01 -3.7787766e+01)	1.0754287e+05	2.9194390e+02	1.2803746e+00
2.3814e-05     	(4.5090398e+01 -5.2187698e-01 -3.7843226e+01)	1.0753628e+05	2.9193812e+02	1.2803214e+00
2.39112e-05    	(4.5155891e+01 -5.2207901e-01 -3.7898380e+01)	1.0752973e+05	2.9193237e+02	1.2802686e+00
2.40085e-05    	(4.5221014e+01 -5.2227627e-01 -3.7953233e+01)	1.0752322e+05	2.9192665e+02	1.2802161e+00
2.41057e-05    	(4.5285786e+01 -5.2247029e-01 -3.8007792e+01)	1.0751674e+05	2.9192096e+02	1.2801639e+00
2.4203e-05     	(4.5350220e+01 -5.2266360e-01 -3.8062066e+01)	1.0751030e+05	2.9191530e+02	1.2801121e+00
2.43002e-05    	(4.5414317e+01 -5.2285341e-01 -3.8116057e+01)	1.0750390e+05	2.9190966e+02	1.2800605e+00
2.43975e-05    	(4.5478077e+01 -5.2303764e-01 -3.8169772e+01)	1.0749754e+05	2.9190406e+02	1.2800092e+00
2.44947e-05    	(4.5541531e+01 -5.2321893e-01 -3.8223227e+01)	1.0749120e+05	2.9189848e+02	1.2799582e+00
2.4592e-05     	(4.5604685e+01 -5.2340022e-01 -3.8276428e+01)	1.0748490e+05	2.9189292e+02	1.2799075e+00
2.46892e-05    	(4.5667544e+01 -5.2358067e-01 -3.8329383e+01)	1.0747863e+05	2.9188739e+02	1.2798571e+00
2.47865e-05    	(4.5730118e+01 -5.2375619e-01 -3.8382108e+01)	1.0747239e+05	2.9188188e+02	1.2798069e+00
2.48837e-05    	(4.5792426e+01 -5.2392838e-01 -3.8434625e+01)	1.0746617e+05	2.9187639e+02	1.2797569e+00
2.4981e-05     	(4.5854489e+01 -5.2410511e-01 -3.8486951e+01)	1.0745998e+05	2.9187092e+02	1.2797071e+00
2.50782e-05    	(4.5916330e+01 -5.2428986e-01 -3.8539102e+01)	1.0745380e+05	2.9186546e+02	1.2796575e+00
2.51755e-05    	(4.5977966e+01 -5.2448331e-01 -3.8591091e+01)	1.0744765e+05	2.9186002e+02	1.2796080e+00
2.52727e-05    	(4.6039411e+01 -5.2468621e-01 -3.8642932e+01)	1.0744152e+05	2.9185460e+02	1.2795587e+00
2.537e-05      	(4.6100676e+01 -5.2489851e-01 -3.8694632e+01)	1.0743540e+05	2.9184918e+02	1.2795096e+00
2.54672e-05    	(4.6161772e+01 -5.2511586e-01 -3.8746192e+01)	1.0742929e+05	2.9184378e+02	1.2794605e+00
2.55645e-05    	(4.6222737e+01 -5.2533105e-01 -3.8797612e+01)	1.0742320e+05	2.9183839e+02	1.2794116e+00
2.56617e-05    	(4.6283543e+01 -5.2555696e-01 -3.8848892e+01)	1.0741713e+05	2.9183301e+02	1.2793628e+00
2.5759e-05     	(4.6344235e+01 -5.2575469e-01 -3.8900055e+01)	1.0741106e+05	2.9182764e+02	1.2793141e+00
2.58562e-05    	(4.6404755e+01 -5.2595311e-01 -3.8951080e+01)	1.0740501e+05	2.9182228e+02	1.2792656e+00
2.59535e-05    	(4.6465090e+01 -5.2615468e-01 -3.9001957e+01)	1.0739898e+05	2.9181693e+02	1.2792171e+00
2.60507e-05    	(4.6525235e+01 -5.2636077e-01 -3.9052681e+01)	1.0739296e+05	2.9181160e+02	1.2791688e+00
2.6148e-05     	(4.6585184e+01 -5.2657185e-01 -3.9103243e+01)	1.0738696e+05	2.9180628e+02	1.2791207e+00
2.62452e-05    	(4.6644916e+01 -5.2678770e-01 -3.9153626e+01)	1.0738098e+05	2.9180097e+02	1.2790727e+00
2.63425e-05    	(4.6704407e+01 -5.2701157e-01 -3.9203811e+01)	1.0737502e+05	2.9179568e+02	1.2790249e+00
2.64397e-05    	(4.6763637e+01 -5.2724562e-01 -3.9253783e+01)	1.0736909e+05	2.9179041e+02	1.2789773e+00
2.6537e-05     	(4.6822591e+01 -5.2748864e-01 -3.9303531e+01)	1.0736318e+05	2.9178516e+02	1.2789299e+00
2.66342e-05    	(4.6881253e+01 -5.2773859e-01 -3.9353042e+01)	1.0735730e+05	2.9177994e+02	1.2788828e+00
2.67315e-05    	(4.6939617e+01 -5.2799516e-01 -3.9402316e+01)	1.0735145e+05	2.9177473e+02	1.2788359e+00
2.68287e-05    	(4.6997665e+01 -5.2825548e-01 -3.9451334e+01)	1.0734563e+05	2.9176955e+02	1.2787893e+00
2.6926e-05     	(4.7055351e+01 -5.2851650e-01 -3.9500059e+01)	1.0733984e+05	2.9176439e+02	1.2787429e+00
2.70232e-05    	(4.7112622e+01 -5.2877589e-01 -3.9548441e+01)	1.0733410e+05	2.9175927e+02	1.2786970e+00
2.71205e-05    	(4.7169417e+01 -5.2902952e-01 -3.9596427e+01)	1.0732840e+05	2.9175418e+02	1.2786514e+00
2.72177e-05    	(4.7225645e+01 -5.2927024e-01 -3.9643946e+01)	1.0732276e+05	2.9174914e+02	1.2786063e+00
2.7315e-05     	(4.7281222e+01 -5.2949461e-01 -3.9690928e+01)	1.0731719e+05	2.9174416e+02	1.2785618e+00
2.74122e-05    	(4.7336087e+01 -5.2970735e-01 -3.9737331e+01)	1.0731169e+05	2.9173922e+02	1.2785179e+00
2.75095e-05    	(4.7390193e+01 -5.2991278e-01 -3.9783112e+01)	1.0730628e+05	2.9173436e+02	1.2784747e+00
2.76067e-05    	(4.7443494e+01 -5.3011316e-01 -3.9828230e+01)	1.0730094e+05	2.9172955e+02	1.2784323e+00
2.7704e-05     	(4.7495949e+01 -5.3031422e-01 -3.9872651e+01)	1.0729571e+05	2.9172482e+02	1.2783906e+00
2.78012e-05    	(4.7547535e+01 -5.3052613e-01 -3.9916349e+01)	1.0729056e+05	2.9172017e+02	1.2783497e+00
2.78985e-05    	(4.7598198e+01 -5.3075089e-01 -3.9959280e+01)	1.0728552e+05	2.9171559e+02	1.2783097e+00
2.79957e-05    	(4.7647871e+01 -5.3098853e-01 -4.0001390e+01)	1.0728058e+05	2.9171109e+02	1.2782706e+00
2.8093e-05     	(4.7696489e+01 -5.3123443e-01 -4.0042619e+01)	1.0727576e+05	2.9170669e+02	1.2782325e+00
2.81902e-05    	(4.7743992e+01 -5.3147961e-01 -4.0082904e+01)	1.0727107e+05	2.9170238e+02	1.2781955e+00
2.82875e-05    	(4.7790278e+01 -5.3172912e-01 -4.0122168e+01)	1.0726652e+05	2.9169819e+02	1.2781596e+00
2.83847e-05    	(4.7835241e+01 -5.3197601e-01 -4.0160326e+01)	1.0726212e+05	2.9169410e+02	1.2781250e+00
2.8482e-05     	(4.7878783e+01 -5.3222022e-01 -4.0197295e+01)	1.0725787e+05	2.9169015e+02	1.2780918e+00
2.85792e-05    	(4.7920822e+01 -5.3246751e-01 -4.0233009e+01)	1.0725380e+05	2.9168632e+02	1.2780601e+00
2.86765e-05    	(4.7961284e+01 -5.3272287e-01 -4.0267406e+01)	1.0724991e+05	2.9168264e+02	1.2780299e+00
2.87737e-05    	(4.8000087e+01 -5.3298966e-01 -4.0300423e+01)	1.0724621e+05	2.9167911e+02	1.2780013e+00
2.8871e-05     	(4.8037168e+01 -5.3327140e-01 -4.0332000e+01)	1.0724271e+05	2.9167572e+02	1.2779744e+00
2.89682e-05    	(4.8072438e+01 -5.3356668e-01 -4.0362061e+01)	1.0723942e+05	2.9167250e+02	1.2779492e+00
2.90655e-05    	(4.8105816e+01 -5.3387178e-01 -4.0390537e+01)	1.0723634e+05	2.9166946e+02	1.2779260e+00
2.91627e-05    	(4.8137219e+01 -5.3419052e-01 -4.0417355e+01)	1.0723350e+05	2.9166659e+02	1.2779047e+00
2.92599e-05    	(4.8166558e+01 -5.3451990e-01 -4.0442438e+01)	1.0723090e+05	2.9166391e+02	1.2778854e+00
2.93572e-05    	(4.8193766e+01 -5.3485357e-01 -4.0465725e+01)	1.0722854e+05	2.9166142e+02	1.2778683e+00
2.94544e-05    	(4.8218760e+01 -5.3519011e-01 -4.0487146e+01)	1.0722645e+05	2.9165913e+02	1.2778534e+00
2.95517e-05    	(4.8241445e+01 -5.3553287e-01 -4.0506621e+01)	1.0722463e+05	2.9165706e+02	1.2778408e+00
2.96489e-05    	(4.8261758e+01 -5.3588155e-01 -4.0524098e+01)	1.0722309e+05	2.9165520e+02	1.2778306e+00
2.97462e-05    	(4.8279651e+01 -5.3623443e-01 -4.0539533e+01)	1.0722184e+05	2.9165357e+02	1.2778229e+00
2.98434e-05    	(4.8295074e+01 -5.3659220e-01 -4.0552885e+01)	1.0722088e+05	2.9165216e+02	1.2778176e+00
2.99407e-05    	(4.8307984e+01 -5.3695805e-01 -4.0564110e+01)	1.0722022e+05	2.9165099e+02	1.2778149e+00
3.00379e-05    	(4.8318334e+01 -5.3733783e-01 -4.0573163e+01)	1.0721987e+05	2.9165006e+02	1.2778148e+00
3.01352e-05    	(4.8326066e+01 -5.3773425e-01 -4.0579995e+01)	1.0721982e+05	2.9164936e+02	1.2778173e+00
3.02324e-05    	(4.8331118e+01 -5.3814703e-01 -4.0584557e+01)	1.0722010e+05	2.9164892e+02	1.2778226e+00
3.03297e-05    	(4.8333430e+01 -5.3857082e-01 -4.0586803e+01)	1.0722071e+05	2.9164873e+02	1.2778307e+00
3.04269e-05    	(4.8332933e+01 -5.3900213e-01 -4.0586676e+01)	1.0722165e+05	2.9164881e+02	1.2778416e+00
3.05241e-05    	(4.8329565e+01 -5.3944584e-01 -4.0584128e+01)	1.0722293e+05	2.9164914e+02	1.2778554e+00
3.06214e-05    	(4.8323260e+01 -5.3990823e-01 -4.0579105e+01)	1.0722457e+05	2.9164976e+02	1.2778722e+00
3.07186e-05    	(4.8313966e+01 -5.4039588e-01 -4.0571572e+01)	1.0722656e+05	2.9165064e+02	1.2778921e+00
3.08159e-05    	(4.8301670e+01 -5.4089990e-01 -4.0561532e+01)	1.0722890e+05	2.9165181e+02	1.2779150e+00
3.09131e-05    	(4.8286350e+01 -5.4141644e-01 -4.0548969e+01)	1.0723161e+05	2.9165326e+02	1.2779410e+00
3.10103e-05    	(4.8268009e+01 -5.4194531e-01 -4.0533879e+01)	1.0723469e+05	2.9165499e+02	1.2779700e+00
3.11076e-05    	(4.8246665e+01 -5.4248224e-01 -4.0516250e+01)	1.0723812e+05	2.9165700e+02	1.2780022e+00
3.12048e-05    	(4.8222274e+01 -5.4302270e-01 -4.0496048e+01)	1.0724191e+05	2.9165929e+02	1.2780374e+00
3.1302e-05     	(4.8194778e+01 -5.4355722e-01 -4.0473236e+01)	1.0724608e+05	2.9166187e+02	1.2780758e+00
3.13993e-05    	(4.8164151e+01 -5.4407880e-01 -4.0447794e+01)	1.0725062e+05	2.9166474e+02	1.2781174e+00
3.14965e-05    	(4.8130421e+01 -5.4458927e-01 -4.0419744e+01)	1.0725553e+05	2.9166790e+02	1.2781621e+00
3.15937e-05    	(4.8093613e+01 -5.4509391e-01 -4.0389115e+01)	1.0726081e+05	2.9167135e+02	1.2782099e+00
3.1691e-05     	(4.8053729e+01 -5.4559647e-01 -4.0355909e+01)	1.0726646e+05	2.9167507e+02	1.2782609e+00
3.17882e-05    	(4.8010774e+01 -5.4610736e-01 -4.0320144e+01)	1.0727246e+05	2.9167908e+02	1.2783150e+00
3.18855e-05    	(4.7964735e+01 -5.4663474e-01 -4.0281804e+01)	1.0727884e+05	2.9168338e+02	1.2783721e+00
3.19827e-05    	(4.7915712e+01 -5.4717604e-01 -4.0240923e+01)	1.0728557e+05	2.9168795e+02	1.2784323e+00
3.20799e-05    	(4.7863912e+01 -5.4770229e-01 -4.0197552e+01)	1.0729264e+05	2.9169279e+02	1.2784954e+00
3.21772e-05    	(4.7809289e+01 -5.4822881e-01 -4.0151784e+01)	1.0730005e+05	2.9169789e+02	1.2785614e+00
3.22744e-05    	(4.7751885e+01 -5.4876136e-01 -4.0103688e+01)	1.0730779e+05	2.9170325e+02	1.2786302e+00
3.23716e-05    	(4.7691821e+01 -5.4933114e-01 -4.0053375e+01)	1.0731584e+05	2.9170885e+02	1.2787017e+00
3.24689e-05    	(4.7629186e+01 -5.4993386e-01 -4.0000906e+01)	1.0732420e+05	2.9171469e+02	1.2787758e+00
3.25661e-05    	(4.7564080e+01 -5.5055629e-01 -3.9946355e+01)	1.0733286e+05	2.9172076e+02	1.2788524e+00
3.26634e-05    	(4.7496610e+01 -5.5118565e-01 -3.9889824e+01)	1.0734180e+05	2.9172704e+02	1.2789314e+00
3.27606e-05    	(4.7426894e+01 -5.5182687e-01 -3.9831398e+01)	1.0735100e+05	2.9173354e+02	1.2790127e+00
3.28578e-05    	(4.7355007e+01 -5.5247334e-01 -3.9771149e+01)	1.0736046e+05	2.9174023e+02	1.2790961e+00
3.29551e-05    	(4.7281065e+01 -5.5311979e-01 -3.9709178e+01)	1.0737017e+05	2.9174712e+02	1.2791817e+00
3.30523e-05    	(4.7205165e+01 -5.5375561e-01 -3.9645576e+01)	1.0738010e+05	2.9175418e+02	1.2792692e+00
3.31495e-05    	(4.7127451e+01 -5.5437236e-01 -3.9580467e+01)	1.0739025e+05	2.9176141e+02	1.2793585e+00
3.3244e-05     	(4.7050386e+01 -5.5496258e-01 -3.9515910e+01)	1.0740029e+05	2.9176857e+02	1.2794468e+00
3.33384e-05    	(4.6971846e+01 -5.5554373e-01 -3.9450121e+01)	1.0741051e+05	2.9177587e+02	1.2795366e+00
3.34329e-05    	(4.6891941e+01 -5.5611683e-01 -3.9383187e+01)	1.0742088e+05	2.9178329e+02	1.2796277e+00
3.35274e-05    	(4.6810794e+01 -5.5668685e-01 -3.9315209e+01)	1.0743140e+05	2.9179082e+02	1.2797201e+00
3.36219e-05    	(4.6728612e+01 -5.5724671e-01 -3.9246291e+01)	1.0744204e+05	2.9179845e+02	1.2798135e+00
3.37163e-05    	(4.6645594e+01 -5.5778055e-01 -3.9176534e+01)	1.0745279e+05	2.9180617e+02	1.2799079e+00
3.38108e-05    	(4.6561759e+01 -5.5829028e-01 -3.9106036e+01)	1.0746364e+05	2.9181395e+02	1.2800030e+00
3.39053e-05    	(4.6477183e+01 -5.5877151e-01 -3.9034897e+01)	1.0747457e+05	2.9182180e+02	1.2800989e+00
3.39999e-05    	(4.6391969e+01 -5.5922359e-01 -3.8963220e+01)	1.0748557e+05	2.9182971e+02	1.2801954e+00
3.40944e-05    	(4.6306235e+01 -5.5965661e-01 -3.8891103e+01)	1.0749664e+05	2.9183767e+02	1.2802924e+00
3.4184e-05     	(4.6224531e+01 -5.6005969e-01 -3.8822383e+01)	1.0750717e+05	2.9184524e+02	1.2803848e+00
3.42739e-05    	(4.6142367e+01 -5.6045311e-01 -3.8753288e+01)	1.0751776e+05	2.9185286e+02	1.2804776e+00
3.43637e-05    	(4.6060032e+01 -5.6082442e-01 -3.8684049e+01)	1.0752836e+05	2.9186048e+02	1.2805705e+00
3.44535e-05    	(4.5977562e+01 -5.6118349e-01 -3.8614697e+01)	1.0753897e+05	2.9186812e+02	1.2806635e+00
3.45434e-05    	(4.5895065e+01 -5.6153641e-01 -3.8545324e+01)	1.0754958e+05	2.9187575e+02	1.2807566e+00
3.46321e-05    	(4.5813745e+01 -5.6187707e-01 -3.8476948e+01)	1.0756004e+05	2.9188327e+02	1.2808482e+00
3.47209e-05    	(4.5732358e+01 -5.6220632e-01 -3.8408525e+01)	1.0757050e+05	2.9189080e+02	1.2809399e+00
3.48098e-05    	(4.5651114e+01 -5.6251666e-01 -3.8340235e+01)	1.0758095e+05	2.9189830e+02	1.2810315e+00
3.48987e-05    	(4.5570095e+01 -5.6279825e-01 -3.8272171e+01)	1.0759136e+05	2.9190578e+02	1.2811228e+00
3.49876e-05    	(4.5489327e+01 -5.6304638e-01 -3.8204349e+01)	1.0760173e+05	2.9191324e+02	1.2812137e+00
3.50765e-05    	(4.5408925e+01 -5.6326096e-01 -3.8136851e+01)	1.0761206e+05	2.9192066e+02	1.2813043e+00
3.51655e-05    	(4.5328940e+01 -5.6345447e-01 -3.8069714e+01)	1.0762233e+05	2.9192803e+02	1.2813944e+00
3.52544e-05    	(4.5249445e+01 -5.6363059e-01 -3.8003001e+01)	1.0763254e+05	2.9193536e+02	1.2814840e+00
3.53433e-05    	(4.5170425e+01 -5.6378484e-01 -3.7936695e+01)	1.0764269e+05	2.9194263e+02	1.2815730e+00
3.54322e-05    	(4.5091973e+01 -5.6391675e-01 -3.7870864e+01)	1.0765277e+05	2.9194986e+02	1.2816615e+00
3.55212e-05    	(4.5014125e+01 -5.6403334e-01 -3.7805537e+01)	1.0766278e+05	2.9195702e+02	1.2817493e+00
3.56102e-05    	(4.4936920e+01 -5.6412621e-01 -3.7740751e+01)	1.0767270e+05	2.9196412e+02	1.2818364e+00
3.56991e-05    	(4.4860333e+01 -5.6418229e-01 -3.7676511e+01)	1.0768255e+05	2.9197116e+02	1.2819229e+00
3.5788e-05     	(4.4784417e+01 -5.6419886e-01 -3.7612860e+01)	1.0769231e+05	2.9197813e+02	1.2820086e+00
3.5877e-05     	(4.4709210e+01 -5.6417618e-01 -3.7549814e+01)	1.0770198e+05	2.9198504e+02	1.2820936e+00
3.59659e-05    	(4.4634765e+01 -5.6411317e-01 -3.7487413e+01)	1.0771156e+05	2.9199187e+02	1.2821778e+00
3.60549e-05    	(4.4561116e+01 -5.6400232e-01 -3.7425682e+01)	1.0772104e+05	2.9199863e+02	1.2822611e+00
3.61438e-05    	(4.4488332e+01 -5.6384951e-01 -3.7364670e+01)	1.0773042e+05	2.9200530e+02	1.2823436e+00
3.62328e-05    	(4.4416438e+01 -5.6366539e-01 -3.7304389e+01)	1.0773969e+05	2.9201189e+02	1.2824251e+00
3.63217e-05    	(4.4345453e+01 -5.6346141e-01 -3.7244874e+01)	1.0774885e+05	2.9201840e+02	1.2825057e+00
3.64106e-05    	(4.4275337e+01 -5.6323147e-01 -3.7186097e+01)	1.0775790e+05	2.9202482e+02	1.2825855e+00
3.64996e-05    	(4.4206103e+01 -5.6297559e-01 -3.7128055e+01)	1.0776685e+05	2.9203116e+02	1.2826642e+00
3.65885e-05    	(4.4137730e+01 -5.6268224e-01 -3.7070716e+01)	1.0777569e+05	2.9203742e+02	1.2827421e+00
3.66774e-05    	(4.4070251e+01 -5.6235000e-01 -3.7014116e+01)	1.0778442e+05	2.9204359e+02	1.2828191e+00
3.67664e-05    	(4.4003763e+01 -5.6197861e-01 -3.6958242e+01)	1.0779304e+05	2.9204967e+02	1.2828951e+00
3.68553e-05    	(4.3938334e+01 -5.6155963e-01 -3.6903087e+01)	1.0780154e+05	2.9205566e+02	1.2829701e+00
3.69442e-05    	(4.3873822e+01 -5.6109053e-01 -3.6848665e+01)	1.0780993e+05	2.9206157e+02	1.2830442e+00
3.70331e-05    	(4.3810231e+01 -5.6057310e-01 -3.6795015e+01)	1.0781822e+05	2.9206739e+02	1.2831173e+00
3.7122e-05     	(4.3747537e+01 -5.6000787e-01 -3.6742122e+01)	1.0782639e+05	2.9207313e+02	1.2831895e+00
3.7211e-05     	(4.3685745e+01 -5.5939883e-01 -3.6689995e+01)	1.0783445e+05	2.9207878e+02	1.2832608e+00
3.72999e-05    	(4.3624831e+01 -5.5874949e-01 -3.6638616e+01)	1.0784241e+05	2.9208435e+02	1.2833312e+00
3.73888e-05    	(4.3564805e+01 -5.5806123e-01 -3.6587989e+01)	1.0785027e+05	2.9208984e+02	1.2834007e+00
3.74777e-05    	(4.3505622e+01 -5.5733045e-01 -3.6538089e+01)	1.0785801e+05	2.9209524e+02	1.2834693e+00
3.75666e-05    	(4.3447295e+01 -5.5655531e-01 -3.6488914e+01)	1.0786566e+05	2.9210057e+02	1.2835370e+00
3.76555e-05    	(4.3389805e+01 -5.5573370e-01 -3.6440444e+01)	1.0787321e+05	2.9210582e+02	1.2836039e+00
3.77444e-05    	(4.3333160e+01 -5.5486903e-01 -3.6392682e+01)	1.0788065e+05	2.9211099e+02	1.2836699e+00
3.78333e-05    	(4.3277345e+01 -5.5396404e-01 -3.6345605e+01)	1.0788800e+05	2.9211608e+02	1.2837350e+00
3.79222e-05    	(4.3222348e+01 -5.5302211e-01 -3.6299216e+01)	1.0789524e+05	2.9212110e+02	1.2837993e+00
3.80111e-05    	(4.3168114e+01 -5.5204759e-01 -3.6253477e+01)	1.0790240e+05	2.9212604e+02	1.2838629e+00
3.81e-05       	(4.3114649e+01 -5.5104015e-01 -3.6208391e+01)	1.0790946e+05	2.9213092e+02	1.2839256e+00
3.81889e-05    	(4.3061919e+01 -5.4999929e-01 -3.6163939e+01)	1.0791643e+05	2.9213572e+02	1.2839876e+00
3.82778e-05    	(4.3009934e+01 -5.4892714e-01 -3.6120126e+01)	1.0792332e+05	2.9214045e+02	1.2840488e+00
3.83667e-05    	(4.2958681e+01 -5.4782326e-01 -3.6076945e+01)	1.0793011e+05	2.9214511e+02	1.2841093e+00
3.84556e-05    	(4.2908168e+01 -5.4668619e-01 -3.6034402e+01)	1.0793681e+05	2.9214971e+02	1.2841690e+00
3.85445e-05    	(4.2858376e+01 -5.4551171e-01 -3.5992480e+01)	1.0794343e+05	2.9215423e+02	1.2842279e+00
3.86334e-05    	(4.2809317e+01 -5.4429888e-01 -3.5951182e+01)	1.0794996e+05	2.9215869e+02	1.2842861e+00
3.87222e-05    	(4.2760970e+01 -5.4304650e-01 -3.5910495e+01)	1.0795640e+05	2.9216308e+02	1.2843436e+00
3.88111e-05    	(4.2713326e+01 -5.4175928e-01 -3.5870412e+01)	1.0796276e+05	2.9216741e+02	1.2844004e+00
3.89e-05       	(4.2666375e+01 -5.4043270e-01 -3.5830923e+01)	1.0796904e+05	2.9217167e+02	1.2844564e+00
3.89889e-05    	(4.2620127e+01 -5.3907071e-01 -3.5792037e+01)	1.0797523e+05	2.9217586e+02	1.2845117e+00
3.90778e-05    	(4.2574585e+01 -5.3767517e-01 -3.5753755e+01)	1.0798133e+05	2.9217999e+02	1.2845663e+00
3.91666e-05    	(4.2529779e+01 -5.3624695e-01 -3.5716099e+01)	1.0798735e+05	2.9218405e+02	1.2846202e+00
3.92555e-05    	(4.2485717e+01 -5.3478802e-01 -3.5679065e+01)	1.0799328e+05	2.9218805e+02	1.2846733e+00
3.93444e-05    	(4.2442420e+01 -5.3329922e-01 -3.5642669e+01)	1.0799913e+05	2.9219197e+02	1.2847257e+00
3.94333e-05    	(4.2399878e+01 -5.3178221e-01 -3.5606908e+01)	1.0800488e+05	2.9219583e+02	1.2847773e+00
3.95221e-05    	(4.2358080e+01 -5.3022947e-01 -3.5571781e+01)	1.0801055e+05	2.9219962e+02	1.2848282e+00
3.9611e-05     	(4.2317004e+01 -5.2863848e-01 -3.5537274e+01)	1.0801613e+05	2.9220334e+02	1.2848783e+00
3.96999e-05    	(4.2276684e+01 -5.2701882e-01 -3.5503414e+01)	1.0802163e+05	2.9220700e+02	1.2849277e+00
3.97888e-05    	(4.2237135e+01 -5.2537560e-01 -3.5470207e+01)	1.0802704e+05	2.9221058e+02	1.2849764e+00
3.98776e-05    	(4.2198367e+01 -5.2371137e-01 -3.5437665e+01)	1.0803235e+05	2.9221410e+02	1.2850243e+00
3.99665e-05    	(4.2160372e+01 -5.2202536e-01 -3.5405776e+01)	1.0803758e+05	2.9221754e+02	1.2850714e+00
4.00554e-05    	(4.2123171e+01 -5.2032488e-01 -3.5374558e+01)	1.0804271e+05	2.9222092e+02	1.2851177e+00
4.01442e-05    	(4.2086760e+01 -5.1861239e-01 -3.5344014e+01)	1.0804776e+05	2.9222422e+02	1.2851633e+00
4.02331e-05    	(4.2051163e+01 -5.1689028e-01 -3.5314165e+01)	1.0805270e+05	2.9222745e+02	1.2852080e+00
4.0322e-05     	(4.2016385e+01 -5.1516681e-01 -3.5285019e+01)	1.0805756e+05	2.9223061e+02	1.2852520e+00
4.04108e-05    	(4.1982452e+01 -5.1343986e-01 -3.5256573e+01)	1.0806232e+05	2.9223369e+02	1.2852951e+00
4.04997e-05    	(4.1949366e+01 -5.1170802e-01 -3.5228830e+01)	1.0806698e+05	2.9223670e+02	1.2853375e+00
4.05886e-05    	(4.1917150e+01 -5.0997150e-01 -3.5201829e+01)	1.0807155e+05	2.9223963e+02	1.2853790e+00
4.06774e-05    	(4.1885813e+01 -5.0822259e-01 -3.5175592e+01)	1.0807601e+05	2.9224249e+02	1.2854196e+00
4.07663e-05    	(4.1855384e+01 -5.0646405e-01 -3.5150136e+01)	1.0808038e+05	2.9224527e+02	1.2854594e+00
4.08552e-05    	(4.1825958e+01 -5.0467455e-01 -3.5125477e+01)	1.0808463e+05	2.9224796e+02	1.2854982e+00
4.0944e-05     	(4.1797521e+01 -5.0287301e-01 -3.5101630e+01)	1.0808878e+05	2.9225056e+02	1.2855361e+00
4.10329e-05    	(4.1770045e+01 -5.0107561e-01 -3.5078598e+01)	1.0809281e+05	2.9225309e+02	1.2855732e+00
4.11218e-05    	(4.1743540e+01 -4.9928296e-01 -3.5056388e+01)	1.0809674e+05	2.9225553e+02	1.2856092e+00
4.12107e-05    	(4.1718010e+01 -4.9749764e-01 -3.5035004e+01)	1.0810056e+05	2.9225789e+02	1.2856444e+00
4.12995e-05    	(4.1693463e+01 -4.9572227e-01 -3.5014451e+01)	1.0810427e+05	2.9226016e+02	1.2856786e+00
4.13884e-05    	(4.1669893e+01 -4.9395833e-01 -3.4994729e+01)	1.0810788e+05	2.9226234e+02	1.2857119e+00
4.14773e-05    	(4.1647324e+01 -4.9220890e-01 -3.4975859e+01)	1.0811137e+05	2.9226444e+02	1.2857443e+00
4.15661e-05    	(4.1625770e+01 -4.9047505e-01 -3.4957856e+01)	1.0811475e+05	2.9226646e+02	1.2857757e+00
4.1655e-05     	(4.1605253e+01 -4.8876016e-01 -3.4940739e+01)	1.0811801e+05	2.9226838e+02	1.2858061e+00
4.17439e-05    	(4.1585777e+01 -4.8706610e-01 -3.4924508e+01)	1.0812115e+05	2.9227021e+02	1.2858355e+00
4.18327e-05    	(4.1567360e+01 -4.8539211e-01 -3.4909177e+01)	1.0812418e+05	2.9227195e+02	1.2858639e+00
4.19216e-05    	(4.1550013e+01 -4.8373469e-01 -3.4894747e+01)	1.0812709e+05	2.9227361e+02	1.2858914e+00
4.20105e-05    	(4.1533744e+01 -4.8209547e-01 -3.4881222e+01)	1.0812988e+05	2.9227516e+02	1.2859178e+00
4.20994e-05    	(4.1518549e+01 -4.8047689e-01 -3.4868603e+01)	1.0813256e+05	2.9227663e+02	1.2859432e+00
4.21882e-05    	(4.1504440e+01 -4.7888415e-01 -3.4856898e+01)	1.0813511e+05	2.9227801e+02	1.2859676e+00
4.22771e-05    	(4.1491410e+01 -4.7731832e-01 -3.4846103e+01)	1.0813755e+05	2.9227929e+02	1.2859910e+00
4.2366e-05     	(4.1479452e+01 -4.7577663e-01 -3.4836210e+01)	1.0813987e+05	2.9228048e+02	1.2860134e+00
4.24549e-05    	(4.1468568e+01 -4.7426332e-01 -3.4827225e+01)	1.0814207e+05	2.9228159e+02	1.2860348e+00
4.25438e-05    	(4.1458770e+01 -4.7277957e-01 -3.4819156e+01)	1.0814415e+05	2.9228260e+02	1.2860551e+00
4.26326e-05    	(4.1450063e+01 -4.7132367e-01 -3.4812005e+01)	1.0814611e+05	2.9228351e+02	1.2860745e+00
4.27215e-05    	(4.1442463e+01 -4.6989657e-01 -3.4805786e+01)	1.0814795e+05	2.9228433e+02	1.2860928e+00
4.28104e-05    	(4.1435976e+01 -4.6849812e-01 -3.4800505e+01)	1.0814967e+05	2.9228506e+02	1.2861101e+00
4.28993e-05    	(4.1430610e+01 -4.6712654e-01 -3.4796168e+01)	1.0815127e+05	2.9228570e+02	1.2861264e+00
4.29882e-05    	(4.1426374e+01 -4.6578473e-01 -3.4792776e+01)	1.0815274e+05	2.9228623e+02	1.2861415e+00
4.30771e-05    	(4.1423266e+01 -4.6447898e-01 -3.4790330e+01)	1.0815409e+05	2.9228667e+02	1.2861557e+00
4.3166e-05     	(4.1421282e+01 -4.6321200e-01 -3.4788827e+01)	1.0815531e+05	2.9228702e+02	1.2861688e+00
4.32549e-05    	(4.1420416e+01 -4.6198483e-01 -3.4788262e+01)	1.0815641e+05	2.9228727e+02	1.2861808e+00
4.33438e-05    	(4.1420663e+01 -4.6079444e-01 -3.4788633e+01)	1.0815739e+05	2.9228743e+02	1.2861919e+00
4.34327e-05    	(4.1422018e+01 -4.5964204e-01 -3.4789935e+01)	1.0815825e+05	2.9228749e+02	1.2862018e+00
4.35216e-05    	(4.1424472e+01 -4.5852710e-01 -3.4792161e+01)	1.0815899e+05	2.9228746e+02	1.2862108e+00
4.36104e-05    	(4.1428012e+01 -4.5744792e-01 -3.4795299e+01)	1.0815961e+05	2.9228734e+02	1.2862187e+00
4.36994e-05    	(4.1432628e+01 -4.5640524e-01 -3.4799342e+01)	1.0816011e+05	2.9228713e+02	1.2862257e+00
4.37883e-05    	(4.1438314e+01 -4.5540220e-01 -3.4804282e+01)	1.0816050e+05	2.9228682e+02	1.2862316e+00
4.38772e-05    	(4.1445058e+01 -4.5444089e-01 -3.4810110e+01)	1.0816077e+05	2.9228643e+02	1.2862366e+00
4.39508e-05    	(4.1451443e+01 -4.5367813e-01 -3.4815607e+01)	1.0816090e+05	2.9228604e+02	1.2862400e+00
4.40246e-05    	(4.1458540e+01 -4.5294097e-01 -3.4821698e+01)	1.0816096e+05	2.9228558e+02	1.2862427e+00
4.40983e-05    	(4.1466323e+01 -4.5222960e-01 -3.4828361e+01)	1.0816094e+05	2.9228507e+02	1.2862448e+00
4.4172e-05     	(4.1474791e+01 -4.5154392e-01 -3.4835592e+01)	1.0816085e+05	2.9228450e+02	1.2862462e+00
4.42457e-05    	(4.1483938e+01 -4.5088262e-01 -3.4843389e+01)	1.0816068e+05	2.9228387e+02	1.2862470e+00
4.43193e-05    	(4.1493754e+01 -4.5024675e-01 -3.4851745e+01)	1.0816044e+05	2.9228319e+02	1.2862472e+00
4.43929e-05    	(4.1504235e+01 -4.4963836e-01 -3.4860659e+01)	1.0816012e+05	2.9228244e+02	1.2862467e+00
4.44666e-05    	(4.1515393e+01 -4.4905757e-01 -3.4870141e+01)	1.0815973e+05	2.9228164e+02	1.2862456e+00
4.45403e-05    	(4.1527218e+01 -4.4850629e-01 -3.4880181e+01)	1.0815927e+05	2.9228079e+02	1.2862439e+00
4.4614e-05     	(4.1539701e+01 -4.4798600e-01 -3.4890773e+01)	1.0815873e+05	2.9227987e+02	1.2862415e+00
4.46877e-05    	(4.1552837e+01 -4.4749891e-01 -3.4901913e+01)	1.0815812e+05	2.9227890e+02	1.2862386e+00
4.47614e-05    	(4.1566615e+01 -4.4704420e-01 -3.4913594e+01)	1.0815744e+05	2.9227788e+02	1.2862350e+00
4.48351e-05    	(4.1581023e+01 -4.4661670e-01 -3.4925809e+01)	1.0815669e+05	2.9227680e+02	1.2862309e+00
4.49088e-05    	(4.1596045e+01 -4.4621415e-01 -3.4938541e+01)	1.0815587e+05	2.9227567e+02	1.2862261e+00
4.49825e-05    	(4.1611668e+01 -4.4583456e-01 -3.4951774e+01)	1.0815499e+05	2.9227448e+02	1.2862208e+00
4.50562e-05    	(4.1627878e+01 -4.4547661e-01 -3.4965497e+01)	1.0815404e+05	2.9227325e+02	1.2862149e+00
4.51299e-05    	(4.1644663e+01 -4.4514047e-01 -3.4979700e+01)	1.0815302e+05	2.9227196e+02	1.2862085e+00
4.52035e-05    	(4.1662014e+01 -4.4482606e-01 -3.4994375e+01)	1.0815194e+05	2.9227063e+02	1.2862015e+00
4.52772e-05    	(4.1679928e+01 -4.4453507e-01 -3.5009523e+01)	1.0815079e+05	2.9226924e+02	1.2861940e+00
4.53509e-05    	(4.1698401e+01 -4.4427073e-01 -3.5025137e+01)	1.0814958e+05	2.9226781e+02	1.2861860e+00
4.54245e-05    	(4.1717425e+01 -4.4403660e-01 -3.5041211e+01)	1.0814831e+05	2.9226633e+02	1.2861774e+00
4.54982e-05    	(4.1736993e+01 -4.4383553e-01 -3.5057739e+01)	1.0814698e+05	2.9226480e+02	1.2861683e+00
4.55719e-05    	(4.1757090e+01 -4.4366665e-01 -3.5074706e+01)	1.0814559e+05	2.9226323e+02	1.2861587e+00
4.56455e-05    	(4.1777702e+01 -4.4352757e-01 -3.5092099e+01)	1.0814414e+05	2.9226161e+02	1.2861486e+00
4.57192e-05    	(4.1798816e+01 -4.4341498e-01 -3.5109904e+01)	1.0814263e+05	2.9225994e+02	1.2861380e+00
4.57929e-05    	(4.1820417e+01 -4.4332613e-01 -3.5128110e+01)	1.0814107e+05	2.9225824e+02	1.2861269e+00
4.58665e-05    	(4.1842493e+01 -4.4325947e-01 -3.5146706e+01)	1.0813945e+05	2.9225649e+02	1.2861154e+00
4.59402e-05    	(4.1865029e+01 -4.4321403e-01 -3.5165680e+01)	1.0813778e+05	2.9225470e+02	1.2861034e+00
4.60139e-05    	(4.1888017e+01 -4.4319073e-01 -3.5185023e+01)	1.0813606e+05	2.9225287e+02	1.2860910e+00
4.60875e-05    	(4.1911454e+01 -4.4319419e-01 -3.5204737e+01)	1.0813429e+05	2.9225100e+02	1.2860781e+00
4.61612e-05    	(4.1935341e+01 -4.4322958e-01 -3.5224820e+01)	1.0813246e+05	2.9224908e+02	1.2860648e+00
4.62349e-05    	(4.1959696e+01 -4.4330302e-01 -3.5245295e+01)	1.0813058e+05	2.9224713e+02	1.2860511e+00
4.63085e-05    	(4.1984500e+01 -4.4341169e-01 -3.5266146e+01)	1.0812865e+05	2.9224514e+02	1.2860369e+00
4.63822e-05    	(4.2009720e+01 -4.4354943e-01 -3.5287343e+01)	1.0812667e+05	2.9224311e+02	1.2860222e+00
4.64559e-05    	(4.2035329e+01 -4.4371100e-01 -3.5308861e+01)	1.0812464e+05	2.9224104e+02	1.2860072e+00
4.65295e-05    	(4.2061309e+01 -4.4389265e-01 -3.5330683e+01)	1.0812257e+05	2.9223894e+02	1.2859918e+00
4.66032e-05    	(4.2087641e+01 -4.4409210e-01 -3.5352797e+01)	1.0812046e+05	2.9223681e+02	1.2859761e+00
4.66769e-05    	(4.2114316e+01 -4.4430862e-01 -3.5375193e+01)	1.0811830e+05	2.9223464e+02	1.2859600e+00
4.67506e-05    	(4.2141321e+01 -4.4454277e-01 -3.5397863e+01)	1.0811611e+05	2.9223245e+02	1.2859436e+00
4.68243e-05    	(4.2168646e+01 -4.4479538e-01 -3.5420798e+01)	1.0811388e+05	2.9223022e+02	1.2859268e+00
4.68979e-05    	(4.2196278e+01 -4.4506732e-01 -3.5443987e+01)	1.0811161e+05	2.9222797e+02	1.2859097e+00
4.69716e-05    	(4.2224205e+01 -4.4535960e-01 -3.5467422e+01)	1.0810930e+05	2.9222568e+02	1.2858923e+00
4.70453e-05    	(4.2252420e+01 -4.4567483e-01 -3.5491098e+01)	1.0810696e+05	2.9222337e+02	1.2858746e+00
4.7119e-05     	(4.2280918e+01 -4.4601709e-01 -3.5515012e+01)	1.0810458e+05	2.9222103e+02	1.2858567e+00
4.71927e-05    	(4.2309687e+01 -4.4638679e-01 -3.5539153e+01)	1.0810217e+05	2.9221867e+02	1.2858384e+00
4.72664e-05    	(4.2338710e+01 -4.4677935e-01 -3.5563504e+01)	1.0809973e+05	2.9221628e+02	1.2858198e+00
4.73401e-05    	(4.2367965e+01 -4.4719299e-01 -3.5588048e+01)	1.0809726e+05	2.9221387e+02	1.2858010e+00
4.74138e-05    	(4.2397428e+01 -4.4762689e-01 -3.5612768e+01)	1.0809476e+05	2.9221144e+02	1.2857820e+00
4.74875e-05    	(4.2427081e+01 -4.4807908e-01 -3.5637649e+01)	1.0809224e+05	2.9220899e+02	1.2857628e+00
4.75611e-05    	(4.2456912e+01 -4.4854803e-01 -3.5662681e+01)	1.0808969e+05	2.9220652e+02	1.2857433e+00
4.76348e-05    	(4.2486916e+01 -4.4903275e-01 -3.5687855e+01)	1.0808712e+05	2.9220403e+02	1.2857237e+00
4.77085e-05    	(4.2517085e+01 -4.4953262e-01 -3.5713166e+01)	1.0808452e+05	2.9220152e+02	1.2857038e+00
4.77822e-05    	(4.2547405e+01 -4.5004732e-01 -3.5738598e+01)	1.0808191e+05	2.9219900e+02	1.2856838e+00
4.78559e-05    	(4.2577858e+01 -4.5057685e-01 -3.5764138e+01)	1.0807927e+05	2.9219646e+02	1.2856636e+00
4.79296e-05    	(4.2608425e+01 -4.5112159e-01 -3.5789771e+01)	1.0807662e+05	2.9219391e+02	1.2856433e+00
4.80033e-05    	(4.2639101e+01 -4.5168164e-01 -3.5815491e+01)	1.0807395e+05	2.9219134e+02	1.2856228e+00
4.8077e-05     	(4.2669879e+01 -4.5225704e-01 -3.5841294e+01)	1.0807127e+05	2.9218877e+02	1.2856022e+00
4.81507e-05    	(4.2700746e+01 -4.5284665e-01 -3.5867168e+01)	1.0806858e+05	2.9218618e+02	1.2855815e+00
4.82245e-05    	(4.2731677e+01 -4.5344848e-01 -3.5893096e+01)	1.0806587e+05	2.9218359e+02	1.2855607e+00
4.82982e-05    	(4.2762647e+01 -4.5405931e-01 -3.5919056e+01)	1.0806315e+05	2.9218099e+02	1.2855398e+00
4.83719e-05    	(4.2793643e+01 -4.5467777e-01 -3.5945038e+01)	1.0806043e+05	2.9217838e+02	1.2855189e+00
4.84456e-05    	(4.2824656e+01 -4.5530403e-01 -3.5971037e+01)	1.0805770e+05	2.9217577e+02	1.2854979e+00
4.85193e-05    	(4.2855677e+01 -4.5593738e-01 -3.5997044e+01)	1.0805497e+05	2.9217315e+02	1.2854769e+00
4.8593e-05     	(4.2886682e+01 -4.5657731e-01 -3.6023042e+01)	1.0805223e+05	2.9217053e+02	1.2854558e+00
4.86667e-05    	(4.2917647e+01 -4.5722394e-01 -3.6049010e+01)	1.0804949e+05	2.9216792e+02	1.2854348e+00
4.87404e-05    	(4.2948549e+01 -4.5787674e-01 -3.6074927e+01)	1.0804676e+05	2.9216530e+02	1.2854137e+00
4.88141e-05    	(4.2979387e+01 -4.5853494e-01 -3.6100797e+01)	1.0804403e+05	2.9216269e+02	1.2853927e+00
4.88879e-05    	(4.3010160e+01 -4.5919816e-01 -3.6126614e+01)	1.0804130e+05	2.9216007e+02	1.2853717e+00
4.89616e-05    	(4.3040851e+01 -4.5986493e-01 -3.6152367e+01)	1.0803858e+05	2.9215747e+02	1.2853508e+00
4.90353e-05    	(4.3071441e+01 -4.6053411e-01 -3.6178040e+01)	1.0803586e+05	2.9215486e+02	1.2853299e+00
4.91091e-05    	(4.3101908e+01 -4.6120531e-01 -3.6203609e+01)	1.0803315e+05	2.9215227e+02	1.2853091e+00
4.91828e-05    	(4.3132244e+01 -4.6187774e-01 -3.6229070e+01)	1.0803046e+05	2.9214968e+02	1.2852883e+00
4.92565e-05    	(4.3162449e+01 -4.6255027e-01 -3.6254424e+01)	1.0802777e+05	2.9214710e+02	1.2852677e+00
4.93302e-05    	(4.3192517e+01 -4.6322123e-01 -3.6279667e+01)	1.0802510e+05	2.9214453e+02	1.2852472e+00
4.9404e-05     	(4.3222428e+01 -4.6388856e-01 -3.6304784e+01)	1.0802244e+05	2.9214197e+02	1.2852268e+00
4.94777e-05    	(4.3252160e+01 -4.6455122e-01 -3.6329757e+01)	1.0801979e+05	2.9213942e+02	1.2852065e+00
4.95514e-05    	(4.3281695e+01 -4.6520856e-01 -3.6354572e+01)	1.0801716e+05	2.9213689e+02	1.2851864e+00
4.96251e-05    	(4.3311047e+01 -4.6585865e-01 -3.6379233e+01)	1.0801456e+05	2.9213437e+02	1.2851664e+00
4.96988e-05    	(4.3340224e+01 -4.6649866e-01 -3.6403735e+01)	1.0801196e+05	2.9213186e+02	1.2851465e+00
4.97726e-05    	(4.3369203e+01 -4.6712941e-01 -3.6428068e+01)	1.0800939e+05	2.9212937e+02	1.2851269e+00
4.98464e-05    	(4.3397959e+01 -4.6775092e-01 -3.6452219e+01)	1.0800684e+05	2.9212689e+02	1.2851074e+00
4.99201e-05    	(4.3426474e+01 -4.6836339e-01 -3.6476171e+01)	1.0800431e+05	2.9212444e+02	1.2850881e+00
4.99938e-05    	(4.3454748e+01 -4.6896779e-01 -3.6499922e+01)	1.0800181e+05	2.9212200e+02	1.2850690e+00
5.00675e-05    	(4.3482783e+01 -4.6956368e-01 -3.6523476e+01)	1.0799933e+05	2.9211958e+02	1.2850501e+00
5.01413e-05    	(4.3510571e+01 -4.7015034e-01 -3.6546829e+01)	1.0799687e+05	2.9211717e+02	1.2850314e+00
5.0215e-05     	(4.3538101e+01 -4.7072692e-01 -3.6569970e+01)	1.0799444e+05	2.9211479e+02	1.2850130e+00
5.02888e-05    	(4.3565356e+01 -4.7129256e-01 -3.6592886e+01)	1.0799204e+05	2.9211243e+02	1.2849947e+00
5.03625e-05    	(4.3592327e+01 -4.7184671e-01 -3.6615572e+01)	1.0798966e+05	2.9211009e+02	1.2849768e+00
5.04362e-05    	(4.3619023e+01 -4.7238914e-01 -3.6638034e+01)	1.0798732e+05	2.9210777e+02	1.2849590e+00
5.05099e-05    	(4.3645446e+01 -4.7291980e-01 -3.6660276e+01)	1.0798500e+05	2.9210548e+02	1.2849415e+00
5.05837e-05    	(4.3671591e+01 -4.7343794e-01 -3.6682291e+01)	1.0798271e+05	2.9210320e+02	1.2849242e+00
5.06575e-05    	(4.3697449e+01 -4.7394081e-01 -3.6704071e+01)	1.0798045e+05	2.9210095e+02	1.2849072e+00
5.07312e-05    	(4.3723016e+01 -4.7442510e-01 -3.6725605e+01)	1.0797822e+05	2.9209872e+02	1.2848905e+00
5.08049e-05    	(4.3748299e+01 -4.7489266e-01 -3.6746901e+01)	1.0797602e+05	2.9209652e+02	1.2848739e+00
5.08787e-05    	(4.3773304e+01 -4.7534058e-01 -3.6767963e+01)	1.0797385e+05	2.9209434e+02	1.2848577e+00
5.09524e-05    	(4.3798018e+01 -4.7577194e-01 -3.6788789e+01)	1.0797171e+05	2.9209218e+02	1.2848417e+00
5.10262e-05    	(4.3822432e+01 -4.7618841e-01 -3.6809373e+01)	1.0796960e+05	2.9209005e+02	1.2848260e+00
5.10999e-05    	(4.3846535e+01 -4.7658964e-01 -3.6829704e+01)	1.0796752e+05	2.9208794e+02	1.2848105e+00
5.11737e-05    	(4.3870333e+01 -4.7697595e-01 -3.6849786e+01)	1.0796548e+05	2.9208585e+02	1.2847953e+00
5.12474e-05    	(4.3893834e+01 -4.7734682e-01 -3.6869625e+01)	1.0796347e+05	2.9208379e+02	1.2847804e+00
5.13212e-05    	(4.3917036e+01 -4.7770087e-01 -3.6889221e+01)	1.0796148e+05	2.9208176e+02	1.2847658e+00
5.1395e-05     	(4.3939944e+01 -4.7804237e-01 -3.6908576e+01)	1.0795953e+05	2.9207974e+02	1.2847514e+00
5.14687e-05    	(4.3962546e+01 -4.7837134e-01 -3.6927684e+01)	1.0795762e+05	2.9207776e+02	1.2847373e+00
5.15424e-05    	(4.3984845e+01 -4.7868707e-01 -3.6946544e+01)	1.0795573e+05	2.9207580e+02	1.2847234e+00
5.16162e-05    	(4.4006856e+01 -4.7898877e-01 -3.6965170e+01)	1.0795387e+05	2.9207386e+02	1.2847099e+00
5.16899e-05    	(4.4028576e+01 -4.7927594e-01 -3.6983558e+01)	1.0795205e+05	2.9207194e+02	1.2846965e+00
5.17637e-05    	(4.4050002e+01 -4.7954889e-01 -3.7001707e+01)	1.0795026e+05	2.9207005e+02	1.2846835e+00
5.18375e-05    	(4.4071129e+01 -4.7980819e-01 -3.7019609e+01)	1.0794850e+05	2.9206819e+02	1.2846707e+00
5.19112e-05    	(4.4091964e+01 -4.8005453e-01 -3.7037271e+01)	1.0794677e+05	2.9206635e+02	1.2846582e+00
5.1985e-05     	(4.4112528e+01 -4.8028887e-01 -3.7054712e+01)	1.0794507e+05	2.9206453e+02	1.2846459e+00
5.20587e-05    	(4.4132820e+01 -4.8051196e-01 -3.7071927e+01)	1.0794339e+05	2.9206273e+02	1.2846339e+00
5.21325e-05    	(4.4152840e+01 -4.8072446e-01 -3.7088916e+01)	1.0794175e+05	2.9206096e+02	1.2846222e+00
5.22062e-05    	(4.4172588e+01 -4.8092589e-01 -3.7105679e+01)	1.0794014e+05	2.9205921e+02	1.2846107e+00
5.228e-05      	(4.4192080e+01 -4.8111636e-01 -3.7122228e+01)	1.0793855e+05	2.9205748e+02	1.2845994e+00
5.23538e-05    	(4.4211326e+01 -4.8129614e-01 -3.7138573e+01)	1.0793700e+05	2.9205577e+02	1.2845883e+00
5.24276e-05    	(4.4230325e+01 -4.8146556e-01 -3.7154712e+01)	1.0793546e+05	2.9205408e+02	1.2845775e+00
5.25013e-05    	(4.4249080e+01 -4.8162522e-01 -3.7170648e+01)	1.0793396e+05	2.9205241e+02	1.2845669e+00
5.25751e-05    	(4.4267593e+01 -4.8177553e-01 -3.7186382e+01)	1.0793248e+05	2.9205077e+02	1.2845565e+00
5.26488e-05    	(4.4285883e+01 -4.8191684e-01 -3.7201930e+01)	1.0793103e+05	2.9204914e+02	1.2845464e+00
5.27226e-05    	(4.4303961e+01 -4.8204927e-01 -3.7217298e+01)	1.0792959e+05	2.9204753e+02	1.2845364e+00
5.27964e-05    	(4.4321828e+01 -4.8217298e-01 -3.7232490e+01)	1.0792819e+05	2.9204593e+02	1.2845266e+00
5.28702e-05    	(4.4339494e+01 -4.8228812e-01 -3.7247513e+01)	1.0792680e+05	2.9204436e+02	1.2845170e+00
5.29439e-05    	(4.4356960e+01 -4.8239440e-01 -3.7262368e+01)	1.0792543e+05	2.9204280e+02	1.2845076e+00
5.30177e-05    	(4.4374232e+01 -4.8249133e-01 -3.7277057e+01)	1.0792409e+05	2.9204126e+02	1.2844984e+00
5.30915e-05    	(4.4391332e+01 -4.8257935e-01 -3.7291600e+01)	1.0792277e+05	2.9203973e+02	1.2844893e+00
5.31652e-05    	(4.4408263e+01 -4.8265904e-01 -3.7306001e+01)	1.0792146e+05	2.9203822e+02	1.2844804e+00
5.3239e-05     	(4.4425032e+01 -4.8273108e-01 -3.7320266e+01)	1.0792017e+05	2.9203672e+02	1.2844716e+00
5.33128e-05    	(4.4441649e+01 -4.8279603e-01 -3.7334401e+01)	1.0791890e+05	2.9203523e+02	1.2844630e+00
5.33866e-05    	(4.4458118e+01 -4.8285439e-01 -3.7348413e+01)	1.0791764e+05	2.9203375e+02	1.2844545e+00
5.34604e-05    	(4.4474446e+01 -4.8290677e-01 -3.7362305e+01)	1.0791640e+05	2.9203229e+02	1.2844462e+00
5.35342e-05    	(4.4490633e+01 -4.8295381e-01 -3.7376079e+01)	1.0791518e+05	2.9203084e+02	1.2844380e+00
5.36079e-05    	(4.4506684e+01 -4.8299603e-01 -3.7389739e+01)	1.0791396e+05	2.9202940e+02	1.2844298e+00
5.36817e-05    	(4.4522617e+01 -4.8303359e-01 -3.7403298e+01)	1.0791277e+05	2.9202797e+02	1.2844219e+00
5.37555e-05    	(4.4538433e+01 -4.8306692e-01 -3.7416756e+01)	1.0791158e+05	2.9202655e+02	1.2844140e+00
5.38292e-05    	(4.4554133e+01 -4.8309630e-01 -3.7430116e+01)	1.0791041e+05	2.9202514e+02	1.2844062e+00
5.3903e-05     	(4.4569727e+01 -4.8312214e-01 -3.7443385e+01)	1.0790924e+05	2.9202373e+02	1.2843985e+00
5.39768e-05    	(4.4585220e+01 -4.8314585e-01 -3.7456569e+01)	1.0790809e+05	2.9202234e+02	1.2843909e+00
5.40506e-05    	(4.4600623e+01 -4.8316768e-01 -3.7469675e+01)	1.0790695e+05	2.9202095e+02	1.2843834e+00
5.41244e-05    	(4.4615936e+01 -4.8318790e-01 -3.7482706e+01)	1.0790582e+05	2.9201957e+02	1.2843760e+00
5.41982e-05    	(4.4631158e+01 -4.8320688e-01 -3.7495658e+01)	1.0790470e+05	2.9201820e+02	1.2843686e+00
5.42719e-05    	(4.4646293e+01 -4.8322504e-01 -3.7508537e+01)	1.0790358e+05	2.9201684e+02	1.2843613e+00
5.43457e-05    	(4.4661356e+01 -4.8324263e-01 -3.7521353e+01)	1.0790248e+05	2.9201548e+02	1.2843541e+00
5.44195e-05    	(4.4676353e+01 -4.8325955e-01 -3.7534113e+01)	1.0790138e+05	2.9201412e+02	1.2843470e+00
5.44933e-05    	(4.4691287e+01 -4.8327518e-01 -3.7546820e+01)	1.0790029e+05	2.9201278e+02	1.2843399e+00
5.45671e-05    	(4.4706160e+01 -4.8329024e-01 -3.7559475e+01)	1.0789920e+05	2.9201143e+02	1.2843329e+00
5.46409e-05    	(4.4720968e+01 -4.8330520e-01 -3.7572073e+01)	1.0789812e+05	2.9201009e+02	1.2843259e+00
5.47147e-05    	(4.4735717e+01 -4.8332043e-01 -3.7584618e+01)	1.0789705e+05	2.9200876e+02	1.2843189e+00
5.47885e-05    	(4.4750417e+01 -4.8333644e-01 -3.7597121e+01)	1.0789598e+05	2.9200743e+02	1.2843120e+00
5.48623e-05    	(4.4765068e+01 -4.8335369e-01 -3.7609579e+01)	1.0789491e+05	2.9200610e+02	1.2843052e+00
5.4936e-05     	(4.4779668e+01 -4.8337245e-01 -3.7621994e+01)	1.0789385e+05	2.9200478e+02	1.2842984e+00
5.50098e-05    	(4.4794218e+01 -4.8339296e-01 -3.7634366e+01)	1.0789280e+05	2.9200346e+02	1.2842916e+00
5.50836e-05    	(4.4808718e+01 -4.8341533e-01 -3.7646696e+01)	1.0789175e+05	2.9200215e+02	1.2842849e+00
5.51574e-05    	(4.4823169e+01 -4.8343967e-01 -3.7658984e+01)	1.0789071e+05	2.9200084e+02	1.2842782e+00
5.52312e-05    	(4.4837572e+01 -4.8346597e-01 -3.7671232e+01)	1.0788967e+05	2.9199953e+02	1.2842716e+00
5.5305e-05     	(4.4851927e+01 -4.8349427e-01 -3.7683439e+01)	1.0788863e+05	2.9199823e+02	1.2842650e+00
5.53788e-05    	(4.4866239e+01 -4.8352487e-01 -3.7695610e+01)	1.0788760e+05	2.9199692e+02	1.2842584e+00
5.54526e-05    	(4.4880511e+01 -4.8355794e-01 -3.7707746e+01)	1.0788658e+05	2.9199563e+02	1.2842519e+00
5.55264e-05    	(4.4894738e+01 -4.8359360e-01 -3.7719845e+01)	1.0788555e+05	2.9199433e+02	1.2842454e+00
5.56002e-05    	(4.4908913e+01 -4.8363190e-01 -3.7731900e+01)	1.0788454e+05	2.9199304e+02	1.2842389e+00
5.5674e-05     	(4.4923040e+01 -4.8367299e-01 -3.7743914e+01)	1.0788353e+05	2.9199176e+02	1.2842325e+00
5.57478e-05    	(4.4937119e+01 -4.8371709e-01 -3.7755886e+01)	1.0788252e+05	2.9199047e+02	1.2842261e+00
5.58216e-05    	(4.4951156e+01 -4.8376436e-01 -3.7767823e+01)	1.0788151e+05	2.9198919e+02	1.2842198e+00
5.58954e-05    	(4.4965148e+01 -4.8381466e-01 -3.7779721e+01)	1.0788052e+05	2.9198792e+02	1.2842135e+00
5.59692e-05    	(4.4979094e+01 -4.8386755e-01 -3.7791579e+01)	1.0787952e+05	2.9198664e+02	1.2842072e+00
5.6043e-05     	(4.4992987e+01 -4.8392298e-01 -3.7803392e+01)	1.0787853e+05	2.9198538e+02	1.2842010e+00
5.61167e-05    	(4.5006824e+01 -4.8398091e-01 -3.7815156e+01)	1.0787755e+05	2.9198411e+02	1.2841949e+00
5.61905e-05    	(4.5020613e+01 -4.8404157e-01 -3.7826879e+01)	1.0787657e+05	2.9198285e+02	1.2841887e+00
5.62643e-05    	(4.5034354e+01 -4.8410543e-01 -3.7838560e+01)	1.0787560e+05	2.9198159e+02	1.2841827e+00
5.63381e-05    	(4.5048039e+01 -4.8417256e-01 -3.7850193e+01)	1.0787463e+05	2.9198034e+02	1.2841766e+00
5.64119e-05    	(4.5061668e+01 -4.8424298e-01 -3.7861777e+01)	1.0787367e+05	2.9197910e+02	1.2841706e+00
5.64857e-05    	(4.5075240e+01 -4.8431682e-01 -3.7873312e+01)	1.0787271e+05	2.9197785e+02	1.2841647e+00
5.65595e-05    	(4.5088751e+01 -4.8439422e-01 -3.7884794e+01)	1.0787176e+05	2.9197661e+02	1.2841588e+00
5.66333e-05    	(4.5102201e+01 -4.8447513e-01 -3.7896222e+01)	1.0787082e+05	2.9197538e+02	1.2841530e+00
5.67071e-05    	(4.5115583e+01 -4.8455937e-01 -3.7907593e+01)	1.0786988e+05	2.9197415e+02	1.2841473e+00
5.67809e-05    	(4.5128894e+01 -4.8464722e-01 -3.7918900e+01)	1.0786896e+05	2.9197293e+02	1.2841416e+00
5.68547e-05    	(4.5142132e+01 -4.8473870e-01 -3.7930145e+01)	1.0786804e+05	2.9197172e+02	1.2841359e+00
5.69284e-05    	(4.5155303e+01 -4.8483346e-01 -3.7941331e+01)	1.0786712e+05	2.9197051e+02	1.2841304e+00
5.70022e-05    	(4.5168401e+01 -4.8493093e-01 -3.7952454e+01)	1.0786622e+05	2.9196931e+02	1.2841249e+00
5.7076e-05     	(4.5181419e+01 -4.8503061e-01 -3.7963508e+01)	1.0786532e+05	2.9196811e+02	1.2841194e+00
5.71497e-05    	(4.5194355e+01 -4.8513216e-01 -3.7974491e+01)	1.0786444e+05	2.9196692e+02	1.2841141e+00
5.72235e-05    	(4.5207212e+01 -4.8523545e-01 -3.7985406e+01)	1.0786356e+05	2.9196574e+02	1.2841088e+00
5.72973e-05    	(4.5219987e+01 -4.8534033e-01 -3.7996250e+01)	1.0786269e+05	2.9196456e+02	1.2841036e+00
5.73711e-05    	(4.5232677e+01 -4.8544654e-01 -3.8007020e+01)	1.0786183e+05	2.9196339e+02	1.2840985e+00
5.74449e-05    	(4.5245275e+01 -4.8555391e-01 -3.8017711e+01)	1.0786098e+05	2.9196223e+02	1.2840935e+00
5.75187e-05    	(4.5257781e+01 -4.8566232e-01 -3.8028321e+01)	1.0786014e+05	2.9196108e+02	1.2840885e+00
5.75924e-05    	(4.5270188e+01 -4.8577155e-01 -3.8038846e+01)	1.0785931e+05	2.9195994e+02	1.2840837e+00
5.76662e-05    	(4.5282492e+01 -4.8588130e-01 -3.8049283e+01)	1.0785850e+05	2.9195880e+02	1.2840790e+00
5.77399e-05    	(4.5294692e+01 -4.8599073e-01 -3.8059629e+01)	1.0785769e+05	2.9195768e+02	1.2840743e+00
5.78137e-05    	(4.5306793e+01 -4.8609935e-01 -3.8069890e+01)	1.0785690e+05	2.9195656e+02	1.2840698e+00
5.78875e-05    	(4.5318790e+01 -4.8620681e-01 -3.8080060e+01)	1.0785612e+05	2.9195546e+02	1.2840653e+00
5.79612e-05    	(4.5330675e+01 -4.8631283e-01 -3.8090134e+01)	1.0785535e+05	2.9195436e+02	1.2840610e+00
5.8035e-05     	(4.5342449e+01 -4.8641887e-01 -3.8100111e+01)	1.0785460e+05	2.9195327e+02	1.2840568e+00
5.81087e-05    	(4.5354122e+01 -4.8652949e-01 -3.8110000e+01)	1.0785386e+05	2.9195220e+02	1.2840527e+00
5.81824e-05    	(4.5365683e+01 -4.8664301e-01 -3.8119793e+01)	1.0785313e+05	2.9195113e+02	1.2840486e+00
5.82562e-05    	(4.5377131e+01 -4.8675775e-01 -3.8129487e+01)	1.0785241e+05	2.9195007e+02	1.2840447e+00
5.83299e-05    	(4.5388458e+01 -4.8687230e-01 -3.8139075e+01)	1.0785171e+05	2.9194902e+02	1.2840410e+00
5.84037e-05    	(4.5399654e+01 -4.8698590e-01 -3.8148550e+01)	1.0785102e+05	2.9194799e+02	1.2840373e+00
5.84774e-05    	(4.5410716e+01 -4.8709812e-01 -3.8157907e+01)	1.0785035e+05	2.9194697e+02	1.2840338e+00
5.85511e-05    	(4.5421646e+01 -4.8720892e-01 -3.8167149e+01)	1.0784970e+05	2.9194596e+02	1.2840304e+00
5.86248e-05    	(4.5432438e+01 -4.8731824e-01 -3.8176271e+01)	1.0784906e+05	2.9194496e+02	1.2840272e+00
5.86986e-05    	(4.5443098e+01 -4.8742632e-01 -3.8185278e+01)	1.0784843e+05	2.9194398e+02	1.2840241e+00
5.87723e-05    	(4.5453619e+01 -4.8753279e-01 -3.8194164e+01)	1.0784783e+05	2.9194300e+02	1.2840211e+00
5.88461e-05    	(4.5463997e+01 -4.8763690e-01 -3.8202927e+01)	1.0784724e+05	2.9194205e+02	1.2840183e+00
5.89197e-05    	(4.5474227e+01 -4.8773838e-01 -3.8211563e+01)	1.0784666e+05	2.9194110e+02	1.2840156e+00
5.89934e-05    	(4.5484313e+01 -4.8783723e-01 -3.8220073e+01)	1.0784611e+05	2.9194017e+02	1.2840131e+00
5.90671e-05    	(4.5494249e+01 -4.8793333e-01 -3.8228455e+01)	1.0784557e+05	2.9193925e+02	1.2840107e+00
5.91409e-05    	(4.5504039e+01 -4.8802664e-01 -3.8236710e+01)	1.0784505e+05	2.9193835e+02	1.2840085e+00
5.92146e-05    	(4.5513677e+01 -4.8811704e-01 -3.8244835e+01)	1.0784455e+05	2.9193746e+02	1.2840064e+00
5.92883e-05    	(4.5523160e+01 -4.8820445e-01 -3.8252826e+01)	1.0784407e+05	2.9193658e+02	1.2840045e+00
5.9362e-05     	(4.5532486e+01 -4.8828877e-01 -3.8260682e+01)	1.0784360e+05	2.9193572e+02	1.2840028e+00
5.94357e-05    	(4.5541652e+01 -4.8836968e-01 -3.8268400e+01)	1.0784316e+05	2.9193487e+02	1.2840012e+00
5.95094e-05    	(4.5550659e+01 -4.8844692e-01 -3.8275983e+01)	1.0784273e+05	2.9193404e+02	1.2839997e+00
5.95831e-05    	(4.5559504e+01 -4.8852044e-01 -3.8283427e+01)	1.0784233e+05	2.9193323e+02	1.2839985e+00
5.96568e-05    	(4.5568188e+01 -4.8859022e-01 -3.8290733e+01)	1.0784194e+05	2.9193242e+02	1.2839974e+00
5.97305e-05    	(4.5576708e+01 -4.8865615e-01 -3.8297899e+01)	1.0784157e+05	2.9193164e+02	1.2839965e+00
5.98042e-05    	(4.5585057e+01 -4.8871810e-01 -3.8304918e+01)	1.0784123e+05	2.9193087e+02	1.2839957e+00
5.98779e-05    	(4.5593229e+01 -4.8877647e-01 -3.8311785e+01)	1.0784090e+05	2.9193012e+02	1.2839951e+00
5.99515e-05    	(4.5601224e+01 -4.8883121e-01 -3.8318502e+01)	1.0784060e+05	2.9192938e+02	1.2839948e+00
6.00252e-05    	(4.5609043e+01 -4.8888193e-01 -3.8325068e+01)	1.0784032e+05	2.9192866e+02	1.2839945e+00
6.00989e-05    	(4.5616684e+01 -4.8892838e-01 -3.8331482e+01)	1.0784006e+05	2.9192796e+02	1.2839945e+00
6.01725e-05    	(4.5624143e+01 -4.8897067e-01 -3.8337742e+01)	1.0783982e+05	2.9192727e+02	1.2839947e+00
6.02462e-05    	(4.5631414e+01 -4.8900885e-01 -3.8343842e+01)	1.0783960e+05	2.9192660e+02	1.2839950e+00
6.03198e-05    	(4.5638496e+01 -4.8904313e-01 -3.8349783e+01)	1.0783941e+05	2.9192595e+02	1.2839956e+00
6.03935e-05    	(4.5645388e+01 -4.8907344e-01 -3.8355562e+01)	1.0783924e+05	2.9192532e+02	1.2839963e+00
6.04672e-05    	(4.5652088e+01 -4.8909969e-01 -3.8361179e+01)	1.0783909e+05	2.9192470e+02	1.2839973e+00
6.05408e-05    	(4.5658589e+01 -4.8912198e-01 -3.8366628e+01)	1.0783897e+05	2.9192411e+02	1.2839984e+00
6.06145e-05    	(4.5664884e+01 -4.8914034e-01 -3.8371904e+01)	1.0783887e+05	2.9192353e+02	1.2839998e+00
6.06881e-05    	(4.5670973e+01 -4.8915478e-01 -3.8377006e+01)	1.0783880e+05	2.9192297e+02	1.2840014e+00
6.07618e-05    	(4.5676854e+01 -4.8916544e-01 -3.8381933e+01)	1.0783875e+05	2.9192243e+02	1.2840032e+00
6.08354e-05    	(4.5682523e+01 -4.8917244e-01 -3.8386683e+01)	1.0783873e+05	2.9192191e+02	1.2840052e+00
6.0909e-05     	(4.5687978e+01 -4.8917586e-01 -3.8391253e+01)	1.0783873e+05	2.9192142e+02	1.2840074e+00
6.09827e-05    	(4.5693215e+01 -4.8917586e-01 -3.8395641e+01)	1.0783876e+05	2.9192094e+02	1.2840098e+00
6.10563e-05    	(4.5698234e+01 -4.8917272e-01 -3.8399845e+01)	1.0783881e+05	2.9192048e+02	1.2840125e+00
6.11299e-05    	(4.5703030e+01 -4.8916682e-01 -3.8403863e+01)	1.0783890e+05	2.9192004e+02	1.2840154e+00
6.12035e-05    	(4.5707601e+01 -4.8915840e-01 -3.8407692e+01)	1.0783901e+05	2.9191963e+02	1.2840185e+00
6.12771e-05    	(4.5711946e+01 -4.8914747e-01 -3.8411330e+01)	1.0783914e+05	2.9191923e+02	1.2840219e+00
6.13506e-05    	(4.5716061e+01 -4.8913412e-01 -3.8414776e+01)	1.0783931e+05	2.9191886e+02	1.2840254e+00
6.14242e-05    	(4.5719942e+01 -4.8911756e-01 -3.8418026e+01)	1.0783950e+05	2.9191851e+02	1.2840293e+00
6.14978e-05    	(4.5723585e+01 -4.8909587e-01 -3.8421076e+01)	1.0783972e+05	2.9191818e+02	1.2840333e+00
6.15713e-05    	(4.5726989e+01 -4.8906939e-01 -3.8423925e+01)	1.0783997e+05	2.9191787e+02	1.2840377e+00
6.16449e-05    	(4.5730155e+01 -4.8903887e-01 -3.8426575e+01)	1.0784024e+05	2.9191758e+02	1.2840422e+00
6.17185e-05    	(4.5733080e+01 -4.8900474e-01 -3.8429024e+01)	1.0784055e+05	2.9191732e+02	1.2840470e+00
6.1792e-05     	(4.5735764e+01 -4.8896733e-01 -3.8431270e+01)	1.0784089e+05	2.9191708e+02	1.2840521e+00
6.18656e-05    	(4.5738203e+01 -4.8892706e-01 -3.8433312e+01)	1.0784125e+05	2.9191686e+02	1.2840574e+00
6.19391e-05    	(4.5740396e+01 -4.8888454e-01 -3.8435148e+01)	1.0784164e+05	2.9191667e+02	1.2840629e+00
6.20126e-05    	(4.5742341e+01 -4.8884044e-01 -3.8436776e+01)	1.0784207e+05	2.9191650e+02	1.2840687e+00
6.20862e-05    	(4.5744035e+01 -4.8879504e-01 -3.8438193e+01)	1.0784252e+05	2.9191635e+02	1.2840747e+00
6.21597e-05    	(4.5745479e+01 -4.8874823e-01 -3.8439400e+01)	1.0784300e+05	2.9191622e+02	1.2840811e+00
6.22332e-05    	(4.5746670e+01 -4.8869997e-01 -3.8440393e+01)	1.0784352e+05	2.9191612e+02	1.2840876e+00
6.23068e-05    	(4.5747607e+01 -4.8865041e-01 -3.8441173e+01)	1.0784406e+05	2.9191604e+02	1.2840944e+00
6.23803e-05    	(4.5748287e+01 -4.8859981e-01 -3.8441736e+01)	1.0784464e+05	2.9191599e+02	1.2841015e+00
6.24538e-05    	(4.5748708e+01 -4.8854833e-01 -3.8442082e+01)	1.0784524e+05	2.9191596e+02	1.2841089e+00
6.25273e-05    	(4.5748867e+01 -4.8849585e-01 -3.8442207e+01)	1.0784588e+05	2.9191595e+02	1.2841165e+00
6.26008e-05    	(4.5748763e+01 -4.8844264e-01 -3.8442111e+01)	1.0784655e+05	2.9191597e+02	1.2841244e+00
6.26743e-05    	(4.5748393e+01 -4.8838910e-01 -3.8441792e+01)	1.0784725e+05	2.9191601e+02	1.2841325e+00
6.27478e-05    	(4.5747757e+01 -4.8833545e-01 -3.8441249e+01)	1.0784798e+05	2.9191608e+02	1.2841409e+00
6.28213e-05    	(4.5746854e+01 -4.8828184e-01 -3.8440481e+01)	1.0784874e+05	2.9191617e+02	1.2841496e+00
