# Region type : patch cOutlet
# Faces  :     276
# Area   :     4.3010445e-05
# Time         	sum(phi)
0              	0.0000000e+00
4.57971e-07    	1.6444159e-08
8.33602e-07    	1.8927387e-08
1.20923e-06    	1.8521054e-08
1.58486e-06    	1.7386122e-08
1.96049e-06    	1.6331630e-08
2.33612e-06    	1.5598261e-08
2.71175e-06    	1.5277583e-08
3.08738e-06    	1.5323591e-08
3.46301e-06    	1.5634269e-08
3.83864e-06    	1.6088799e-08
4.21427e-06    	1.6573494e-08
4.5899e-06     	1.7016903e-08
4.96553e-06    	1.7400282e-08
5.34117e-06    	1.7743336e-08
5.7168e-06     	1.8072756e-08
6.09243e-06    	1.8408147e-08
6.46806e-06    	1.8756654e-08
6.84369e-06    	1.9118208e-08
7.21932e-06    	1.9491783e-08
7.59495e-06    	1.9871580e-08
7.97058e-06    	2.0253648e-08
8.34621e-06    	2.0636399e-08
8.72184e-06    	2.1020289e-08
9.09747e-06    	2.1406881e-08
9.4731e-06     	2.1796599e-08
9.84873e-06    	2.2189253e-08
1.02244e-05    	2.2583116e-08
1.06e-05       	2.2977617e-08
1.09756e-05    	2.3372713e-08
1.13512e-05    	2.3768187e-08
1.17269e-05    	2.4164184e-08
1.21025e-05    	2.4560892e-08
1.24781e-05    	2.4958618e-08
1.28538e-05    	2.5357610e-08
1.32294e-05    	2.5758222e-08
1.3605e-05     	2.6159866e-08
1.39807e-05    	2.6561743e-08
1.43563e-05    	2.6962993e-08
1.47319e-05    	2.7362760e-08
1.51076e-05    	2.7760545e-08
1.54832e-05    	2.8156207e-08
1.58588e-05    	2.8549766e-08
1.62344e-05    	2.8941067e-08
1.66101e-05    	2.9329980e-08
1.69857e-05    	2.9716345e-08
1.73613e-05    	3.0099810e-08
1.7737e-05     	3.0479874e-08
1.81126e-05    	3.0856205e-08
1.84882e-05    	3.1228408e-08
1.88639e-05    	3.1596332e-08
1.92395e-05    	3.1960671e-08
1.96151e-05    	3.2322167e-08
1.99907e-05    	3.2681386e-08
2.03664e-05    	3.3038700e-08
2.0742e-05     	3.3394348e-08
2.11176e-05    	3.3748619e-08
2.14933e-05    	3.4100233e-08
2.18689e-05    	3.4448948e-08
2.22445e-05    	3.4795742e-08
2.26202e-05    	3.5140758e-08
2.29958e-05    	3.5484133e-08
2.33714e-05    	3.5825932e-08
2.3747e-05     	3.6166231e-08
2.41227e-05    	3.6504943e-08
2.44983e-05    	3.6842056e-08
2.48739e-05    	3.7177584e-08
2.52496e-05    	3.7511504e-08
2.56252e-05    	3.7843830e-08
2.60008e-05    	3.8174455e-08
2.63765e-05    	3.8503296e-08
2.67521e-05    	3.8830300e-08
2.71277e-05    	3.9155408e-08
2.75034e-05    	3.9478586e-08
2.7879e-05     	3.9799775e-08
2.82546e-05    	4.0118882e-08
2.86302e-05    	4.0435791e-08
2.90059e-05    	4.0750448e-08
2.93815e-05    	4.1062799e-08
2.97571e-05    	4.1372816e-08
3.01328e-05    	4.1680397e-08
3.05084e-05    	4.1985309e-08
3.0884e-05     	4.2287367e-08
3.12597e-05    	4.2586324e-08
3.16353e-05    	4.2882062e-08
3.20109e-05    	4.3174423e-08
3.23865e-05    	4.3463350e-08
3.27622e-05    	4.3748885e-08
3.31378e-05    	4.4031102e-08
3.35134e-05    	4.4309992e-08
3.38891e-05    	4.4585586e-08
3.42647e-05    	4.4857793e-08
3.46403e-05    	4.5126547e-08
3.5016e-05     	4.5391969e-08
3.53916e-05    	4.5653833e-08
3.57672e-05    	4.5912336e-08
3.61428e-05    	4.6167413e-08
3.65185e-05    	4.6418936e-08
3.68941e-05    	4.6666980e-08
3.72697e-05    	4.6911390e-08
3.76454e-05    	4.7152386e-08
3.8021e-05     	4.7390018e-08
3.83966e-05    	4.7624249e-08
3.87723e-05    	4.7854983e-08
3.91479e-05    	4.8082197e-08
3.95235e-05    	4.8305885e-08
3.98992e-05    	4.8526105e-08
4.02748e-05    	4.8742811e-08
4.06504e-05    	4.8955943e-08
4.1026e-05     	4.9165531e-08
4.14017e-05    	4.9371539e-08
4.17773e-05    	4.9573870e-08
4.21529e-05    	4.9772416e-08
4.25286e-05    	4.9967135e-08
4.29042e-05    	5.0158055e-08
4.32798e-05    	5.0345059e-08
4.36555e-05    	5.0528159e-08
4.40311e-05    	5.0707412e-08
4.44067e-05    	5.0882753e-08
4.47823e-05    	5.1054029e-08
4.5158e-05     	5.1221136e-08
4.55336e-05    	5.1384062e-08
4.59092e-05    	5.1542851e-08
4.62849e-05    	5.1697554e-08
4.66605e-05    	5.1848152e-08
4.70361e-05    	5.1994501e-08
4.74118e-05    	5.2136271e-08
4.77874e-05    	5.2273343e-08
4.8163e-05     	5.2405771e-08
4.85386e-05    	5.2533729e-08
4.89143e-05    	5.2657407e-08
4.92899e-05    	5.2776816e-08
4.96655e-05    	5.2891852e-08
5.00412e-05    	5.3002425e-08
5.04168e-05    	5.3108270e-08
5.07924e-05    	5.3209255e-08
5.11681e-05    	5.3305342e-08
5.15437e-05    	5.3396439e-08
5.19193e-05    	5.3482562e-08
5.2295e-05     	5.3563779e-08
5.26706e-05    	5.3640184e-08
5.30462e-05    	5.3711584e-08
5.34218e-05    	5.3777907e-08
5.37975e-05    	5.3839172e-08
5.41731e-05    	5.3895239e-08
5.45487e-05    	5.3945946e-08
5.49244e-05    	5.3991253e-08
5.53e-05       	5.4031293e-08
5.56756e-05    	5.4065844e-08
5.60513e-05    	5.4094566e-08
5.64269e-05    	5.4117611e-08
5.68025e-05    	5.4134830e-08
5.71781e-05    	5.4146041e-08
5.75538e-05    	5.4152199e-08
5.79294e-05    	5.4153266e-08
5.8305e-05     	5.4149403e-08
5.86807e-05    	5.4141334e-08
5.90563e-05    	5.4129099e-08
5.94319e-05    	5.4112952e-08
5.98076e-05    	5.4092733e-08
6.01832e-05    	5.4068628e-08
6.05588e-05    	5.4041062e-08
6.09344e-05    	5.4010160e-08
6.13101e-05    	5.3975933e-08
6.16857e-05    	5.3938793e-08
6.20613e-05    	5.3898949e-08
6.2437e-05     	5.3856403e-08
6.28126e-05    	5.3811793e-08
6.31882e-05    	5.3765539e-08
6.35639e-05    	5.3717854e-08
6.39395e-05    	5.3669141e-08
6.43151e-05    	5.3620052e-08
6.46908e-05    	5.3571230e-08
6.50664e-05    	5.3523250e-08
6.5442e-05     	5.3476522e-08
6.58176e-05    	5.3431555e-08
6.61933e-05    	5.3388903e-08
6.65689e-05    	5.3349303e-08
6.69445e-05    	5.3313486e-08
6.73202e-05    	5.3282118e-08
6.76958e-05    	5.3256038e-08
6.80714e-05    	5.3236128e-08
6.84471e-05    	5.3222983e-08
6.88227e-05    	5.3217165e-08
6.91983e-05    	5.3219187e-08
6.95739e-05    	5.3229457e-08
6.99496e-05    	5.3248087e-08
7.03252e-05    	5.3275713e-08
7.07008e-05    	5.3312814e-08
7.10765e-05    	5.3359850e-08
7.14521e-05    	5.3417164e-08
7.18277e-05    	5.3484763e-08
7.22034e-05    	5.3562873e-08
7.2579e-05     	5.3651779e-08
7.29546e-05    	5.3751417e-08
7.33302e-05    	5.3861310e-08
7.37059e-05    	5.3980916e-08
7.40815e-05    	5.4109752e-08
7.44571e-05    	5.4247457e-08
7.48328e-05    	5.4393283e-08
7.52084e-05    	5.4546369e-08
7.5584e-05     	5.4706171e-08
7.59597e-05    	5.4872364e-08
7.63353e-05    	5.5044691e-08
7.67109e-05    	5.5222837e-08
7.70866e-05    	5.5406188e-08
7.74622e-05    	5.5594026e-08
7.78378e-05    	5.5785810e-08
7.82134e-05    	5.5980994e-08
7.85891e-05    	5.6179231e-08
7.89647e-05    	5.6380333e-08
7.93403e-05    	5.6583981e-08
7.9716e-05     	5.6789705e-08
8.00916e-05    	5.6997137e-08
8.04672e-05    	5.7205839e-08
8.08429e-05    	5.7415292e-08
8.12185e-05    	5.7624983e-08
8.15941e-05    	5.7834586e-08
8.19697e-05    	5.8043637e-08
8.23454e-05    	5.8251751e-08
8.2721e-05     	5.8458674e-08
8.30966e-05    	5.8664199e-08
8.34723e-05    	5.8867956e-08
8.38479e-05    	5.9069786e-08
8.42235e-05    	5.9269553e-08
8.45992e-05    	5.9467155e-08
8.49748e-05    	5.9662403e-08
8.53504e-05    	5.9855113e-08
8.5726e-05     	6.0045202e-08
8.61017e-05    	6.0232604e-08
8.64773e-05    	6.0417194e-08
8.68529e-05    	6.0599022e-08
8.72286e-05    	6.0778237e-08
8.76042e-05    	6.0954994e-08
8.79798e-05    	6.1129456e-08
8.83555e-05    	6.1301813e-08
8.87311e-05    	6.1472285e-08
8.91067e-05    	6.1641166e-08
8.94824e-05    	6.1808654e-08
8.9858e-05     	6.1974979e-08
9.02336e-05    	6.2140349e-08
9.06092e-05    	6.2305086e-08
9.09849e-05    	6.2469599e-08
9.13605e-05    	6.2634241e-08
9.17361e-05    	6.2799235e-08
9.21118e-05    	6.2964801e-08
9.24874e-05    	6.3131148e-08
9.2863e-05     	6.3298508e-08
9.32387e-05    	6.3467198e-08
9.36143e-05    	6.3637531e-08
9.39899e-05    	6.3809790e-08
9.43655e-05    	6.3984049e-08
9.47412e-05    	6.4160347e-08
9.51168e-05    	6.4338863e-08
9.54924e-05    	6.4519765e-08
9.58681e-05    	6.4703246e-08
9.62437e-05    	6.4889444e-08
9.66193e-05    	6.5078443e-08
9.6995e-05     	6.5270223e-08
9.73706e-05    	6.5464696e-08
9.77462e-05    	6.5661856e-08
9.81218e-05    	6.5861735e-08
9.84975e-05    	6.6064349e-08
9.88731e-05    	6.6269650e-08
9.92487e-05    	6.6477648e-08
9.96244e-05    	6.6688224e-08
0.0001         	6.6901132e-08
0.000100376    	6.7116252e-08
0.000100751    	6.7333517e-08
0.000101127    	6.7552862e-08
0.000101503    	6.7774145e-08
0.000101878    	6.7997162e-08
0.000102254    	6.8221770e-08
0.00010263     	6.8447794e-08
0.000103005    	6.8675019e-08
0.000103381    	6.8903332e-08
0.000103757    	6.9132697e-08
0.000104132    	6.9363066e-08
0.000104508    	6.9594383e-08
0.000104884    	6.9826627e-08
0.000105259    	7.0059797e-08
0.000105635    	7.0293928e-08
0.000106011    	7.0529052e-08
0.000106386    	7.0765265e-08
0.000106762    	7.1002783e-08
0.000107137    	7.1241907e-08
0.000107513    	7.1483050e-08
0.000107889    	7.1726619e-08
0.000108264    	7.1972962e-08
0.00010864     	7.2222448e-08
0.000109016    	7.2475571e-08
0.000109391    	7.2732987e-08
0.000109767    	7.2995511e-08
0.000110143    	7.3264012e-08
0.000110518    	7.3539407e-08
0.000110894    	7.3822835e-08
0.00011127     	7.4115467e-08
0.000111645    	7.4418512e-08
0.000112021    	7.4733382e-08
0.000112397    	7.5061664e-08
0.000112772    	7.5405119e-08
0.000113148    	7.5765549e-08
0.000113524    	7.6144824e-08
0.000113899    	7.6545156e-08
0.000114275    	7.6969157e-08
0.000114651    	7.7419905e-08
0.000115026    	7.7901694e-08
0.000115402    	7.8419669e-08
0.000115778    	7.8978655e-08
0.000116153    	7.9583045e-08
0.000116529    	8.0236583e-08
0.000116905    	8.0942914e-08
0.00011728     	8.1706004e-08
0.000117656    	8.2529741e-08
0.000118032    	8.3418104e-08
0.000118407    	8.4375117e-08
0.000118783    	8.5404820e-08
0.000119159    	8.6511720e-08
0.000119534    	8.7700516e-08
0.00011991     	8.8975975e-08
0.000120285    	9.0342974e-08
0.000120661    	9.1806752e-08
0.000121037    	9.3372559e-08
0.000121412    	9.5045739e-08
0.000121788    	9.6832197e-08
0.000122164    	9.8737709e-08
0.000122539    	1.0076749e-07
0.000122915    	1.0292703e-07
0.000123291    	1.0522174e-07
0.000123666    	1.0765730e-07
0.000124042    	1.1023910e-07
0.000124418    	1.1297233e-07
0.000124793    	1.1586348e-07
0.000125169    	1.1891780e-07
0.000125545    	1.2213943e-07
0.00012592     	1.2553320e-07
0.000126296    	1.2910398e-07
0.000126672    	1.3285641e-07
0.000127047    	1.3679457e-07
0.000127423    	1.4092284e-07
0.000127799    	1.4524585e-07
0.000128174    	1.4976687e-07
0.00012855     	1.5449017e-07
0.000128926    	1.5941897e-07
0.000129301    	1.6455460e-07
0.000129677    	1.6990008e-07
0.000130053    	1.7545890e-07
0.000130428    	1.8123326e-07
0.000130804    	1.8722427e-07
0.00013118     	1.9343334e-07
0.000131555    	1.9986182e-07
0.000131931    	2.0651028e-07
0.000132307    	2.1337987e-07
0.000132682    	2.2047186e-07
0.000133058    	2.2778593e-07
0.000133434    	2.3532204e-07
0.000133809    	2.4308075e-07
0.000134185    	2.5105985e-07
0.00013456     	2.5925611e-07
0.000134936    	2.6766754e-07
0.000135312    	2.7629476e-07
0.000135687    	2.8513677e-07
0.000136063    	2.9419259e-07
0.000136439    	3.0346069e-07
0.000136814    	3.1293949e-07
0.00013719     	3.2262646e-07
0.000137566    	3.3252022e-07
0.000137941    	3.4261889e-07
0.000138317    	3.5291961e-07
0.000138693    	3.6342176e-07
0.000139068    	3.7412340e-07
0.000139444    	3.8502131e-07
0.00013982     	3.9611242e-07
0.000140195    	4.0739638e-07
0.000140571    	4.1887580e-07
0.000140947    	4.3054929e-07
0.000141322    	4.4241577e-07
0.000141698    	4.5447358e-07
0.000142074    	4.6672203e-07
0.000142449    	4.7916237e-07
0.000142825    	4.9179635e-07
0.000143201    	5.0462350e-07
0.000143576    	5.1764356e-07
0.000143952    	5.3085710e-07
0.000144328    	5.4426479e-07
0.000144703    	5.5786996e-07
0.000145079    	5.7167374e-07
0.000145455    	5.8567739e-07
0.00014583     	5.9988393e-07
0.000146206    	6.1429550e-07
0.000146582    	6.2891358e-07
0.000146957    	6.4374154e-07
0.000147333    	6.5878330e-07
0.000147708    	6.7404112e-07
0.000148084    	6.8951744e-07
0.00014846     	7.0521751e-07
0.000148835    	7.2114260e-07
0.000149211    	7.3729463e-07
0.000149587    	7.5368020e-07
0.000149962    	7.7030015e-07
0.000150338    	7.8715700e-07
0.000150714    	8.0425727e-07
0.000151089    	8.2160226e-07
0.000151465    	8.3919578e-07
0.000151841    	8.5704199e-07
0.000152216    	8.7514287e-07
0.000152592    	8.9350094e-07
0.000152968    	9.1211840e-07
0.000153343    	9.3099774e-07
0.000153719    	9.5013960e-07
0.000154095    	9.6954475e-07
0.00015447     	9.8921523e-07
0.000154846    	1.0091515e-06
0.000155222    	1.0293539e-06
0.000155597    	1.0498213e-06
0.000155973    	1.0705554e-06
0.000156349    	1.0915575e-06
0.000156724    	1.1128256e-06
0.0001571      	1.1343610e-06
0.000157476    	1.1561643e-06
0.000157851    	1.1782306e-06
0.000158227    	1.2005569e-06
0.000158603    	1.2231445e-06
0.000158978    	1.2459913e-06
0.000159354    	1.2690952e-06
0.00015973     	1.2924565e-06
0.000160105    	1.3160688e-06
0.000160481    	1.3399254e-06
0.000160856    	1.3640237e-06
0.000161232    	1.3883677e-06
0.000161608    	1.4129551e-06
0.000161983    	1.4377810e-06
0.000162359    	1.4628430e-06
0.000162735    	1.4881353e-06
0.00016311     	1.5136526e-06
0.000163486    	1.5393922e-06
0.000163862    	1.5653543e-06
0.000164237    	1.5915418e-06
0.000164613    	1.6179476e-06
0.000164989    	1.6445647e-06
0.000165364    	1.6713955e-06
0.00016574     	1.6984399e-06
0.000166116    	1.7256899e-06
0.000166491    	1.7531471e-06
0.000166867    	1.7808175e-06
0.000167243    	1.8086975e-06
0.000167618    	1.8367842e-06
0.000167994    	1.8650828e-06
0.00016837     	1.8935904e-06
0.000168745    	1.9223121e-06
0.000169121    	1.9512500e-06
0.000169497    	1.9804010e-06
0.000169872    	2.0097693e-06
0.000170248    	2.0393570e-06
0.000170624    	2.0691663e-06
0.000170999    	2.0992031e-06
0.000171375    	2.1294691e-06
0.000171751    	2.1599691e-06
0.000172126    	2.1907127e-06
0.000172502    	2.2217038e-06
0.000172878    	2.2529472e-06
0.000173253    	2.2844478e-06
0.000173629    	2.3162125e-06
0.000174005    	2.3482398e-06
0.00017438     	2.3805369e-06
0.000174756    	2.4131126e-06
0.000175131    	2.4459826e-06
0.000175507    	2.4791421e-06
0.000175883    	2.5125985e-06
0.000176258    	2.5463557e-06
0.000176634    	2.5804160e-06
0.00017701     	2.6147897e-06
0.000177385    	2.6494781e-06
0.000177761    	2.6845036e-06
0.000178137    	2.7198651e-06
0.000178512    	2.7555636e-06
0.000178888    	2.7915990e-06
0.000179264    	2.8279771e-06
0.000179639    	2.8647072e-06
0.000180015    	2.9017937e-06
0.000180391    	2.9392370e-06
0.000180766    	2.9770619e-06
0.000181142    	3.0152603e-06
0.000181518    	3.0538297e-06
0.000181893    	3.0927692e-06
0.000182269    	3.1320892e-06
0.000182645    	3.1717936e-06
0.00018302     	3.2118788e-06
0.000183396    	3.2523581e-06
0.000183772    	3.2932394e-06
0.000184147    	3.3345147e-06
0.000184523    	3.3761672e-06
0.000184899    	3.4182107e-06
0.000185274    	3.4606491e-06
0.00018565     	3.5034787e-06
0.000186026    	3.5466928e-06
0.000186401    	3.5903149e-06
0.000186777    	3.6343374e-06
0.000187153    	3.6787352e-06
0.000187528    	3.7235079e-06
0.000187904    	3.7686668e-06
0.000188279    	3.8142116e-06
0.000188655    	3.8601316e-06
0.000189031    	3.9064166e-06
0.000189406    	3.9530788e-06
0.000189782    	4.0001239e-06
0.000190158    	4.0475090e-06
0.000190533    	4.0952462e-06
0.000190909    	4.1433445e-06
0.000191285    	4.1918033e-06
0.00019166     	4.2406153e-06
0.000192036    	4.2897694e-06
0.000192412    	4.3392639e-06
0.000192787    	4.3890981e-06
0.000193163    	4.4392548e-06
0.000193539    	4.4897362e-06
0.000193914    	4.5405445e-06
0.00019429     	4.5916806e-06
0.000194666    	4.6431439e-06
0.000195041    	4.6949333e-06
0.000195417    	4.7470517e-06
0.000195793    	4.7994916e-06
0.000196168    	4.8522468e-06
0.000196544    	4.9053157e-06
0.00019692     	4.9587002e-06
0.000197295    	5.0124090e-06
0.000197671    	5.0664473e-06
0.000198047    	5.1208184e-06
0.000198422    	5.1755262e-06
0.000198798    	5.2305728e-06
0.000199174    	5.2859596e-06
0.000199549    	5.3416916e-06
0.000199925    	5.3977755e-06
0.000200301    	5.4542162e-06
0.000200676    	5.5110167e-06
0.000201052    	5.5681826e-06
0.000201427    	5.6257211e-06
0.000201803    	5.6836365e-06
0.000202179    	5.7419341e-06
0.000202554    	5.8006196e-06
0.00020293     	5.8596995e-06
0.000203306    	5.9191797e-06
0.000203681    	5.9790646e-06
0.000204057    	6.0393586e-06
0.000204433    	6.1000662e-06
0.000204808    	6.1611906e-06
0.000205184    	6.2227329e-06
0.00020556     	6.2846945e-06
0.000205935    	6.3470770e-06
0.000206311    	6.4098826e-06
0.000206687    	6.4731126e-06
0.000207062    	6.5367667e-06
0.000207438    	6.6008441e-06
0.000207814    	6.6653435e-06
0.000208189    	6.7302629e-06
0.000208565    	6.7956009e-06
0.000208941    	6.8613581e-06
0.000209316    	6.9275360e-06
0.000209692    	6.9941345e-06
0.000210068    	7.0611524e-06
0.000210443    	7.1285880e-06
0.000210819    	7.1964418e-06
0.000211195    	7.2647145e-06
0.00021157     	7.3334076e-06
0.000211946    	7.4025237e-06
0.000212322    	7.4720660e-06
0.000212697    	7.5420381e-06
0.000213073    	7.6124440e-06
0.000213449    	7.6832886e-06
0.000213824    	7.7545765e-06
0.0002142      	7.8263132e-06
0.000214576    	7.8985041e-06
0.000214951    	7.9711555e-06
0.000215327    	8.0442736e-06
0.000215702    	8.1178647e-06
0.000216078    	8.1919352e-06
0.000216454    	8.2664916e-06
0.000216829    	8.3415398e-06
0.000217205    	8.4170875e-06
0.000217581    	8.4931394e-06
0.000217956    	8.5696995e-06
0.000218332    	8.6467725e-06
0.000218708    	8.7243594e-06
0.000219083    	8.8024701e-06
0.000219459    	8.8811182e-06
0.000219835    	8.9603108e-06
0.00022021     	9.0400500e-06
0.000220586    	9.1203488e-06
0.000220962    	9.2011961e-06
0.000221337    	9.2825800e-06
0.000221713    	9.3645142e-06
0.000222089    	9.4470124e-06
0.000222464    	9.5300779e-06
0.00022284     	9.6137106e-06
0.000223216    	9.6979304e-06
0.000223591    	9.7827313e-06
0.000223967    	9.8680764e-06
0.000224343    	9.9539787e-06
0.000224718    	1.0040454e-05
0.000225094    	1.0127501e-05
0.00022547     	1.0215116e-05
0.000225845    	1.0303318e-05
0.000226221    	1.0392112e-05
0.000226597    	1.0481441e-05
0.000226972    	1.0571309e-05
0.000227348    	1.0661731e-05
0.000227724    	1.0752702e-05
0.000228099    	1.0844215e-05
0.000228475    	1.0936278e-05
0.00022885     	1.1028906e-05
0.000229226    	1.1122031e-05
0.000229602    	1.1215643e-05
0.000229977    	1.1309757e-05
0.000230353    	1.1404368e-05
0.000230729    	1.1499471e-05
0.000231104    	1.1595060e-05
0.00023148     	1.1691151e-05
0.000231856    	1.1787698e-05
0.000232231    	1.1884663e-05
0.000232607    	1.1982062e-05
0.000232983    	1.2079907e-05
0.000233358    	1.2178198e-05
0.000233734    	1.2276930e-05
0.00023411     	1.2376113e-05
0.000234485    	1.2475749e-05
0.000234861    	1.2575784e-05
0.000235237    	1.2676230e-05
0.000235612    	1.2777122e-05
0.000235988    	1.2878480e-05
0.000236364    	1.2980307e-05
0.000236739    	1.3082601e-05
0.000237115    	1.3185367e-05
0.000237491    	1.3288609e-05
0.000237866    	1.3392313e-05
0.000238242    	1.3496491e-05
0.000238618    	1.3601161e-05
0.000238993    	1.3706343e-05
0.000239369    	1.3812041e-05
0.000239745    	1.3918258e-05
0.00024012     	1.4025013e-05
0.000240496    	1.4132311e-05
0.000240872    	1.4240149e-05
0.000241247    	1.4348522e-05
0.000241623    	1.4457437e-05
0.000241998    	1.4566904e-05
0.000242374    	1.4676926e-05
0.00024275     	1.4787510e-05
0.000243125    	1.4898663e-05
0.000243501    	1.5010388e-05
0.000243877    	1.5122683e-05
0.000244252    	1.5235549e-05
0.000244628    	1.5348979e-05
0.000245004    	1.5462967e-05
0.000245379    	1.5577518e-05
0.000245755    	1.5692634e-05
0.000246131    	1.5808317e-05
0.000246506    	1.5924562e-05
0.000246882    	1.6041372e-05
0.000247258    	1.6158747e-05
0.000247633    	1.6276695e-05
0.000248009    	1.6395229e-05
0.000248385    	1.6514352e-05
0.00024876     	1.6634070e-05
0.000249136    	1.6754385e-05
0.000249512    	1.6875295e-05
0.000249887    	1.6996801e-05
0.000250263    	1.7118914e-05
0.000250639    	1.7241649e-05
0.000251014    	1.7365007e-05
0.00025139     	1.7488986e-05
0.000251766    	1.7613589e-05
0.000252141    	1.7738815e-05
0.000252517    	1.7864672e-05
0.000252893    	1.7991175e-05
0.000253268    	1.8118338e-05
0.000253644    	1.8246148e-05
0.00025402     	1.8374593e-05
0.000254395    	1.8503667e-05
0.000254771    	1.8633374e-05
0.000255147    	1.8763722e-05
0.000255522    	1.8894716e-05
0.000255898    	1.9026368e-05
0.000256273    	1.9158661e-05
0.000256649    	1.9291578e-05
0.000257025    	1.9425104e-05
0.0002574      	1.9559233e-05
0.000257776    	1.9693969e-05
0.000258152    	1.9829312e-05
0.000258527    	1.9965265e-05
0.000258903    	2.0101816e-05
0.000259279    	2.0238938e-05
0.000259654    	2.0376604e-05
0.00026003     	2.0514795e-05
0.000260406    	2.0653538e-05
0.000260781    	2.0792856e-05
0.000261157    	2.0932746e-05
0.000261533    	2.1073189e-05
0.000261908    	2.1214165e-05
0.000262284    	2.1355655e-05
0.00026266     	2.1497633e-05
0.000263035    	2.1640095e-05
0.000263411    	2.1783053e-05
0.000263787    	2.1926505e-05
0.000264162    	2.2070475e-05
0.000264538    	2.2214967e-05
0.000264914    	2.2359967e-05
0.000265289    	2.2505467e-05
0.000265665    	2.2651429e-05
0.000266041    	2.2797856e-05
0.000266416    	2.2944712e-05
0.000266792    	2.3092033e-05
0.000267168    	2.3239939e-05
0.000267543    	2.3388351e-05
0.000267919    	2.3537255e-05
0.000268295    	2.3686686e-05
0.00026867     	2.3836621e-05
0.000269046    	2.3987080e-05
0.000269421    	2.4138086e-05
0.000269797    	2.4289633e-05
0.000270173    	2.4441722e-05
0.000270548    	2.4594361e-05
0.000270924    	2.4747547e-05
0.0002713      	2.4901290e-05
0.000271675    	2.5055598e-05
0.000272051    	2.5210473e-05
0.000272427    	2.5365917e-05
0.000272802    	2.5521941e-05
0.000273178    	2.5678556e-05
0.000273554    	2.5835760e-05
0.000273929    	2.5993540e-05
0.000274305    	2.6151896e-05
0.000274681    	2.6310840e-05
0.000275056    	2.6470391e-05
0.000275432    	2.6630557e-05
0.000275808    	2.6791343e-05
0.000276183    	2.6952745e-05
0.000276559    	2.7114757e-05
0.000276935    	2.7277366e-05
0.00027731     	2.7440583e-05
0.000277686    	2.7604422e-05
0.000278062    	2.7768906e-05
0.000278437    	2.7934044e-05
0.000278813    	2.8099818e-05
0.000279189    	2.8266208e-05
0.000279564    	2.8433216e-05
0.00027994     	2.8600835e-05
0.000280316    	2.8769086e-05
0.000280691    	2.8937978e-05
0.000281067    	2.9107512e-05
0.000281443    	2.9277680e-05
0.000281818    	2.9448462e-05
0.000282194    	2.9619844e-05
0.000282569    	2.9791819e-05
0.000282945    	2.9964371e-05
0.000283321    	3.0137510e-05
0.000283696    	3.0311243e-05
0.000284072    	3.0485579e-05
0.000284448    	3.0660514e-05
0.000284823    	3.0836014e-05
0.000285199    	3.1012061e-05
0.000285575    	3.1188657e-05
0.00028595     	3.1365800e-05
0.000286326    	3.1543484e-05
0.000286702    	3.1721718e-05
0.000287077    	3.1900515e-05
0.000287453    	3.2079869e-05
0.000287829    	3.2259760e-05
0.000288204    	3.2440173e-05
0.00028858     	3.2621103e-05
0.000288956    	3.2802540e-05
0.000289331    	3.2984482e-05
0.000289707    	3.3166946e-05
0.000290083    	3.3349942e-05
0.000290458    	3.3533474e-05
0.000290834    	3.3717536e-05
0.00029121     	3.3902119e-05
0.000291585    	3.4087215e-05
0.000291961    	3.4272816e-05
0.000292337    	3.4458921e-05
0.000292712    	3.4645538e-05
0.000293088    	3.4832682e-05
0.000293464    	3.5020364e-05
0.000293839    	3.5208589e-05
0.000294215    	3.5397355e-05
0.000294591    	3.5586655e-05
0.000294966    	3.5776486e-05
0.000295342    	3.5966850e-05
0.000295718    	3.6157753e-05
0.000296093    	3.6349206e-05
0.000296469    	3.6541218e-05
0.000296844    	3.6733797e-05
0.00029722     	3.6926941e-05
0.000297596    	3.7120648e-05
0.000297971    	3.7314912e-05
0.000298347    	3.7509729e-05
0.000298723    	3.7705103e-05
0.000299098    	3.7901037e-05
0.000299474    	3.8097539e-05
0.00029985     	3.8294611e-05
0.000300225    	3.8492249e-05
0.000300601    	3.8690447e-05
0.000300977    	3.8889205e-05
0.000301352    	3.9088526e-05
0.000301728    	3.9288411e-05
0.000302104    	3.9488856e-05
0.000302479    	3.9689856e-05
0.000302855    	3.9891401e-05
0.000303231    	4.0093483e-05
0.000303606    	4.0296097e-05
0.000303982    	4.0499243e-05
0.000304358    	4.0702920e-05
0.000304733    	4.0907125e-05
0.000305109    	4.1111861e-05
0.000305485    	4.1317129e-05
0.00030586     	4.1522928e-05
0.000306236    	4.1729249e-05
0.000306612    	4.1936079e-05
0.000306987    	4.2143410e-05
0.000307363    	4.2351238e-05
0.000307739    	4.2559559e-05
0.000308114    	4.2768373e-05
0.00030849     	4.2977675e-05
0.000308866    	4.3187464e-05
0.000309241    	4.3397742e-05
0.000309617    	4.3608507e-05
0.000309992    	4.3819758e-05
0.000310368    	4.4031490e-05
0.000310744    	4.4243699e-05
0.000311119    	4.4456385e-05
0.000311495    	4.4669547e-05
0.000311871    	4.4883185e-05
0.000312246    	4.5097294e-05
0.000312622    	4.5311873e-05
0.000312998    	4.5526924e-05
0.000313373    	4.5742453e-05
0.000313749    	4.5958460e-05
0.000314125    	4.6174942e-05
0.0003145      	4.6391892e-05
0.000314876    	4.6609316e-05
0.000315252    	4.6827219e-05
0.000315627    	4.7045607e-05
0.000316003    	4.7264476e-05
0.000316379    	4.7483794e-05
0.000316754    	4.7703585e-05
0.00031713     	4.7923854e-05
0.000317506    	4.8144610e-05
0.000317881    	4.8365851e-05
0.000318257    	4.8587565e-05
0.000318633    	4.8809735e-05
0.000319008    	4.9032358e-05
0.000319384    	4.9255438e-05
0.00031976     	4.9478981e-05
0.000320135    	4.9702981e-05
0.000320511    	4.9927419e-05
0.000320887    	5.0152275e-05
0.000321262    	5.0377540e-05
0.000321638    	5.0603224e-05
0.000322014    	5.0829340e-05
0.000322389    	5.1055888e-05
0.000322765    	5.1282851e-05
0.00032314     	5.1510211e-05
0.000323516    	5.1737963e-05
0.000323892    	5.1966109e-05
0.000324267    	5.2194651e-05
0.000324643    	5.2423583e-05
0.000325019    	5.2652889e-05
0.000325394    	5.2882566e-05
0.00032577     	5.3112618e-05
0.000326146    	5.3343070e-05
0.000326521    	5.3573939e-05
0.000326897    	5.3805225e-05
0.000327273    	5.4036911e-05
0.000327648    	5.4268990e-05
0.000328024    	5.4501466e-05
0.0003284      	5.4734354e-05
0.000328775    	5.4967663e-05
0.000329151    	5.5201398e-05
0.000329527    	5.5435573e-05
0.000329902    	5.5670201e-05
0.000330278    	5.5905294e-05
0.000330654    	5.6140870e-05
0.000331029    	5.6376942e-05
0.000331405    	5.6613500e-05
0.000331781    	5.6850533e-05
0.000332156    	5.7088028e-05
0.000332532    	5.7326006e-05
0.000332908    	5.7564472e-05
0.000333283    	5.7803422e-05
0.000333659    	5.8042857e-05
0.000334035    	5.8282780e-05
0.00033441     	5.8523193e-05
0.000334786    	5.8764093e-05
0.000335162    	5.9005475e-05
0.000335537    	5.9247339e-05
0.000335913    	5.9489683e-05
0.000336289    	5.9732495e-05
0.000336664    	5.9975767e-05
0.00033704     	6.0219489e-05
0.000337415    	6.0463650e-05
0.000337791    	6.0708236e-05
0.000338167    	6.0953241e-05
0.000338542    	6.1198659e-05
0.000338918    	6.1444482e-05
0.000339294    	6.1690697e-05
0.000339669    	6.1937300e-05
0.000340045    	6.2184297e-05
0.000340421    	6.2431693e-05
0.000340796    	6.2679495e-05
0.000341172    	6.2927708e-05
0.000341548    	6.3176331e-05
0.000341923    	6.3425368e-05
0.000342299    	6.3674835e-05
0.000342675    	6.3924766e-05
0.00034305     	6.4175189e-05
0.000343426    	6.4425931e-05
0.000343802    	6.4676952e-05
0.000344177    	6.4928325e-05
0.000344553    	6.5180175e-05
0.000344929    	6.5432513e-05
0.000345304    	6.5685385e-05
0.00034568     	6.5938678e-05
0.000346056    	6.6192269e-05
0.000346431    	6.6446137e-05
0.000346807    	6.6700421e-05
0.000347183    	6.6955238e-05
0.000347558    	6.7210603e-05
0.000347934    	6.7466560e-05
0.00034831     	6.7723052e-05
0.000348685    	6.7979882e-05
0.000349061    	6.8237000e-05
0.000349437    	6.8494561e-05
0.000349812    	6.8752713e-05
0.000350188    	6.9011466e-05
0.000350563    	6.9270807e-05
0.000350939    	6.9530701e-05
0.000351315    	6.9790886e-05
0.00035169     	7.0051292e-05
0.000352066    	7.0312056e-05
0.000352442    	7.0573345e-05
0.000352817    	7.0835186e-05
0.000353193    	7.1097590e-05
0.000353569    	7.1360649e-05
0.000353944    	7.1624139e-05
0.00035432     	7.1887949e-05
0.000354696    	7.2152154e-05
0.000355071    	7.2416957e-05
0.000355447    	7.2682344e-05
0.000355823    	7.2948251e-05
0.000356198    	7.3214731e-05
0.000356574    	7.3481703e-05
0.00035695     	7.3748972e-05
0.000357325    	7.4016549e-05
0.000357701    	7.4284658e-05
0.000358077    	7.4553322e-05
0.000358452    	7.4822476e-05
0.000358828    	7.5092124e-05
0.000359204    	7.5362331e-05
0.000359579    	7.5632837e-05
0.000359955    	7.5903556e-05
0.000360331    	7.6174674e-05
0.000360706    	7.6446348e-05
0.000361082    	7.6718577e-05
0.000361458    	7.6991326e-05
0.000361833    	7.7264660e-05
0.000362209    	7.7538348e-05
0.000362585    	7.7812178e-05
0.00036296     	7.8086198e-05
0.000363336    	7.8360619e-05
0.000363711    	7.8635454e-05
0.000364087    	7.8910695e-05
0.000364463    	7.9186407e-05
0.000364838    	7.9462558e-05
0.000365214    	7.9738911e-05
0.00036559     	8.0015445e-05
0.000365965    	8.0292420e-05
0.000366341    	8.0569886e-05
0.000366717    	8.0847823e-05
0.000367092    	8.1126232e-05
0.000367468    	8.1405142e-05
0.000367844    	8.1684252e-05
0.000368219    	8.1963436e-05
0.000368595    	8.2242918e-05
0.000368971    	8.2522820e-05
0.000369346    	8.2803154e-05
0.000369722    	8.3083910e-05
0.000370098    	8.3365164e-05
0.000370473    	8.3646662e-05
0.000370849    	8.3928258e-05
0.000371225    	8.4210122e-05
0.0003716      	8.4492396e-05
0.000371976    	8.4775094e-05
0.000372352    	8.5058186e-05
0.000372727    	8.5341749e-05
0.000373103    	8.5625538e-05
0.000373479    	8.5909397e-05
0.000373854    	8.6193484e-05
0.00037423     	8.6477977e-05
0.000374606    	8.6762883e-05
0.000374981    	8.7048169e-05
0.000375357    	8.7333902e-05
0.000375733    	8.7619840e-05
0.000376108    	8.7905787e-05
0.000376484    	8.8191850e-05
0.00037686     	8.8478243e-05
0.000377235    	8.8765020e-05
0.000377611    	8.9052186e-05
0.000377986    	8.9339821e-05
0.000378362    	8.9627669e-05
0.000378738    	8.9915516e-05
0.000379113    	9.0203433e-05
0.000379489    	9.0491628e-05
0.000379865    	9.0780135e-05
0.00038024     	9.1068970e-05
0.000380616    	9.1358259e-05
0.000380992    	9.1647752e-05
0.000381367    	9.1937255e-05
0.000381743    	9.2226844e-05
0.000382119    	9.2516731e-05
0.000382494    	9.2806947e-05
0.00038287     	9.3097477e-05
0.000383246    	9.3388425e-05
0.000383621    	9.3679543e-05
0.000383997    	9.3970657e-05
0.000384373    	9.4261863e-05
0.000384748    	9.4553362e-05
0.000385124    	9.4845195e-05
0.0003855      	9.5137353e-05
0.000385875    	9.5429912e-05
0.000386251    	9.5722600e-05
0.000386627    	9.6015270e-05
0.000387002    	9.6308048e-05
0.000387378    	9.6601131e-05
0.000387754    	9.6894559e-05
0.000388129    	9.7188335e-05
0.000388505    	9.7482482e-05
0.000388881    	9.7776664e-05
0.000389256    	9.8070728e-05
0.000389632    	9.8364867e-05
0.000390008    	9.8659270e-05
0.000390383    	9.8953985e-05
0.000390759    	9.9249035e-05
0.000391134    	9.9544420e-05
0.00039151     	9.9839802e-05
0.000391886    	1.0013505e-04
0.000392261    	1.0043038e-04
0.000392637    	1.0072593e-04
0.000393013    	1.0102171e-04
0.000393388    	1.0131771e-04
0.000393764    	1.0161401e-04
0.00039414     	1.0191032e-04
0.000394515    	1.0220641e-04
0.000394891    	1.0250253e-04
0.000395267    	1.0279885e-04
0.000395642    	1.0309538e-04
0.000396018    	1.0339210e-04
0.000396394    	1.0368896e-04
0.000396769    	1.0398586e-04
0.000397145    	1.0428277e-04
0.000397521    	1.0457967e-04
0.000397896    	1.0487666e-04
0.000398272    	1.0517375e-04
0.000398648    	1.0547094e-04
0.000399023    	1.0576818e-04
0.000399399    	1.0606543e-04
0.000399775    	1.0636278e-04
0.00040015     	1.0666021e-04
0.000400526    	1.0695764e-04
0.000400901    	1.0725512e-04
0.000401277    	1.0755266e-04
0.000401652    	1.0785018e-04
0.000402028    	1.0814771e-04
0.000402403    	1.0844537e-04
0.000402779    	1.0874314e-04
0.000403154    	1.0904094e-04
0.00040353     	1.0933879e-04
0.000403905    	1.0963674e-04
0.000404281    	1.0993466e-04
0.000404656    	1.1023258e-04
0.000405032    	1.1053059e-04
0.000405407    	1.1082873e-04
0.000405783    	1.1112697e-04
0.000406158    	1.1142536e-04
0.000406534    	1.1172387e-04
0.00040691     	1.1202243e-04
0.000407285    	1.1232111e-04
0.000407661    	1.1261993e-04
0.000408036    	1.1291885e-04
0.000408412    	1.1321789e-04
0.000408787    	1.1351709e-04
0.000409163    	1.1381639e-04
0.000409538    	1.1411577e-04
0.000409914    	1.1441531e-04
0.000410289    	1.1471502e-04
0.000410665    	1.1501485e-04
0.00041104     	1.1531483e-04
0.000411416    	1.1561500e-04
0.000411791    	1.1591528e-04
0.000412167    	1.1621567e-04
0.000412542    	1.1651622e-04
0.000412918    	1.1681689e-04
0.000413293    	1.1711765e-04
0.000413669    	1.1741854e-04
0.000414044    	1.1771958e-04
0.00041442     	1.1802072e-04
0.000414795    	1.1832198e-04
0.000415171    	1.1862337e-04
0.000415546    	1.1892487e-04
0.000415922    	1.1922647e-04
0.000416297    	1.1952823e-04
0.000416673    	1.1983014e-04
0.000417048    	1.2013213e-04
0.000417424    	1.2043424e-04
0.000417799    	1.2073653e-04
0.000418175    	1.2103896e-04
0.000418551    	1.2134153e-04
0.000418926    	1.2164422e-04
0.000419302    	1.2194700e-04
0.000419677    	1.2224986e-04
0.000420053    	1.2255285e-04
0.000420428    	1.2285602e-04
0.000420804    	1.2315933e-04
0.000421179    	1.2346276e-04
0.000421555    	1.2376630e-04
0.00042193     	1.2406990e-04
0.000422306    	1.2437359e-04
0.000422681    	1.2467746e-04
0.000423057    	1.2498148e-04
0.000423432    	1.2528560e-04
0.000423808    	1.2558979e-04
0.000424183    	1.2589404e-04
0.000424559    	1.2619835e-04
0.000424934    	1.2650278e-04
0.00042531     	1.2680734e-04
0.000425685    	1.2711198e-04
0.000426061    	1.2741665e-04
0.000426436    	1.2772137e-04
0.000426812    	1.2802617e-04
0.000427187    	1.2833101e-04
0.000427563    	1.2863593e-04
0.000427938    	1.2894099e-04
0.000428314    	1.2924613e-04
0.000428689    	1.2955134e-04
0.000429065    	1.2985656e-04
0.00042944     	1.3016164e-04
0.000429816    	1.3046673e-04
0.000430192    	1.3077199e-04
0.000430567    	1.3107747e-04
0.000430943    	1.3138311e-04
0.000431318    	1.3168872e-04
0.000431694    	1.3199426e-04
0.000432069    	1.3229968e-04
0.000432445    	1.3260511e-04
0.00043282     	1.3291075e-04
0.000433196    	1.3321655e-04
0.000433571    	1.3352239e-04
0.000433947    	1.3382820e-04
0.000434322    	1.3413404e-04
0.000434698    	1.3443981e-04
0.000435073    	1.3474564e-04
0.000435449    	1.3505167e-04
0.000435824    	1.3535779e-04
0.0004362      	1.3566392e-04
0.000436575    	1.3597008e-04
0.000436951    	1.3627629e-04
0.000437326    	1.3658243e-04
0.000437702    	1.3688847e-04
0.000438077    	1.3719455e-04
0.000438453    	1.3750068e-04
0.000438828    	1.3780684e-04
0.000439204    	1.3811314e-04
0.000439579    	1.3841957e-04
0.000439955    	1.3872603e-04
0.00044033     	1.3903231e-04
0.000440706    	1.3933862e-04
0.000441081    	1.3964499e-04
0.000441457    	1.3995149e-04
0.000441833    	1.4025824e-04
0.000442208    	1.4056515e-04
0.000442584    	1.4087206e-04
0.000442959    	1.4117874e-04
0.000443335    	1.4148537e-04
0.00044371     	1.4179216e-04
0.000444086    	1.4209917e-04
0.000444461    	1.4240642e-04
0.000444837    	1.4271383e-04
0.000445212    	1.4302120e-04
0.000445588    	1.4332837e-04
0.000445963    	1.4363547e-04
0.000446339    	1.4394275e-04
0.000446714    	1.4425021e-04
0.00044709     	1.4455784e-04
0.000447465    	1.4486565e-04
0.000447841    	1.4517339e-04
0.000448216    	1.4548096e-04
0.000448592    	1.4578846e-04
0.000448967    	1.4609612e-04
0.000449343    	1.4640397e-04
0.000449718    	1.4671197e-04
0.000450094    	1.4702008e-04
0.000450469    	1.4732820e-04
0.000450845    	1.4763629e-04
0.00045122     	1.4794436e-04
0.000451596    	1.4825243e-04
0.000451971    	1.4856059e-04
0.000452347    	1.4886889e-04
0.000452722    	1.4917727e-04
0.000453098    	1.4948579e-04
0.000453474    	1.4979442e-04
0.000453849    	1.5010311e-04
0.000454225    	1.5041169e-04
0.0004546      	1.5072025e-04
0.000454976    	1.5102895e-04
0.000455351    	1.5133784e-04
0.000455727    	1.5164693e-04
0.000456102    	1.5195626e-04
0.000456478    	1.5226564e-04
0.000456853    	1.5257488e-04
0.000457229    	1.5288405e-04
0.000457604    	1.5319340e-04
0.00045798     	1.5350302e-04
0.000458355    	1.5381289e-04
0.000458731    	1.5412302e-04
0.000459106    	1.5443324e-04
0.000459482    	1.5474346e-04
0.000459857    	1.5505362e-04
0.000460233    	1.5536394e-04
0.000460608    	1.5567456e-04
0.000460984    	1.5598544e-04
0.000461359    	1.5629653e-04
0.000461735    	1.5660788e-04
0.00046211     	1.5691935e-04
0.000462486    	1.5723087e-04
0.000462861    	1.5754243e-04
0.000463237    	1.5785420e-04
0.000463612    	1.5816628e-04
0.000463988    	1.5847865e-04
0.000464363    	1.5879133e-04
0.000464739    	1.5910424e-04
0.000465115    	1.5941720e-04
0.00046549     	1.5973009e-04
0.000465866    	1.6004304e-04
0.000466241    	1.6035623e-04
0.000466617    	1.6066973e-04
0.000466992    	1.6098348e-04
0.000467368    	1.6129753e-04
0.000467743    	1.6161173e-04
0.000468119    	1.6192597e-04
0.000468494    	1.6224017e-04
0.00046887     	1.6255452e-04
0.000469245    	1.6286915e-04
0.000469621    	1.6318405e-04
0.000469996    	1.6349917e-04
0.000470372    	1.6381450e-04
0.000470747    	1.6412988e-04
0.000471123    	1.6444518e-04
0.000471498    	1.6476046e-04
0.000471874    	1.6507595e-04
0.000472249    	1.6539172e-04
0.000472625    	1.6570766e-04
0.000473       	1.6602380e-04
0.000473376    	1.6634008e-04
0.000473751    	1.6665641e-04
0.000474127    	1.6697258e-04
0.000474502    	1.6728880e-04
0.000474878    	1.6760526e-04
0.000475253    	1.6792202e-04
0.000475629    	1.6823899e-04
0.000476005    	1.6855614e-04
0.00047638     	1.6887333e-04
0.000476756    	1.6919053e-04
0.000477131    	1.6950766e-04
0.000477507    	1.6982494e-04
0.000477882    	1.7014240e-04
0.000478258    	1.7046002e-04
0.000478633    	1.7077787e-04
0.000479009    	1.7109606e-04
0.000479384    	1.7141443e-04
0.00047976     	1.7173277e-04
0.000480135    	1.7205099e-04
0.000480511    	1.7236937e-04
0.000480886    	1.7268810e-04
0.000481262    	1.7300714e-04
0.000481637    	1.7332647e-04
0.000482013    	1.7364612e-04
0.000482388    	1.7396581e-04
0.000482764    	1.7428528e-04
0.000483139    	1.7460465e-04
0.000483515    	1.7492418e-04
0.00048389     	1.7524392e-04
0.000484266    	1.7556378e-04
0.000484641    	1.7588396e-04
0.000485017    	1.7620452e-04
0.000485392    	1.7652526e-04
0.000485768    	1.7684596e-04
0.000486143    	1.7716667e-04
0.000486519    	1.7748761e-04
0.000486894    	1.7780887e-04
0.00048727     	1.7813045e-04
0.000487646    	1.7845238e-04
0.000488021    	1.7877454e-04
0.000488397    	1.7909670e-04
0.000488772    	1.7941855e-04
0.000489148    	1.7974029e-04
0.000489523    	1.8006220e-04
0.000489899    	1.8038450e-04
0.000490274    	1.8070711e-04
0.00049065     	1.8102993e-04
0.000491025    	1.8135285e-04
0.000491401    	1.8167564e-04
0.000491776    	1.8199816e-04
0.000492152    	1.8232068e-04
0.000492527    	1.8264362e-04
0.000492903    	1.8296694e-04
0.000493278    	1.8329045e-04
0.000493654    	1.8361402e-04
0.000494029    	1.8393757e-04
0.000494405    	1.8426096e-04
0.00049478     	1.8458415e-04
0.000495156    	1.8490755e-04
0.000495531    	1.8523136e-04
0.000495907    	1.8555554e-04
0.000496282    	1.8587980e-04
0.000496658    	1.8620386e-04
0.000497033    	1.8652790e-04
0.000497409    	1.8685204e-04
0.000497784    	1.8717623e-04
0.00049816     	1.8750048e-04
0.000498535    	1.8782498e-04
0.000498911    	1.8814977e-04
0.000499287    	1.8847458e-04
0.000499662    	1.8879927e-04
0.000500038    	1.8912391e-04
0.000500413    	1.8944857e-04
0.000500788    	1.8977359e-04
0.000501164    	1.9009897e-04
0.000501539    	1.9042470e-04
0.000501914    	1.9075065e-04
0.00050229     	1.9107667e-04
0.000502665    	1.9140265e-04
0.000503041    	1.9172852e-04
0.000503416    	1.9205451e-04
0.000503791    	1.9238084e-04
0.000504167    	1.9270750e-04
0.000504542    	1.9303435e-04
0.000504917    	1.9336120e-04
0.000505293    	1.9368800e-04
0.000505668    	1.9401466e-04
0.000506044    	1.9434116e-04
0.000506419    	1.9466781e-04
0.000506794    	1.9499491e-04
0.00050717     	1.9532248e-04
0.000507545    	1.9565031e-04
0.00050792     	1.9597809e-04
0.000508296    	1.9630571e-04
0.000508671    	1.9663323e-04
0.000509047    	1.9696072e-04
0.000509422    	1.9728831e-04
0.000509797    	1.9761628e-04
0.000510173    	1.9794470e-04
0.000510548    	1.9827354e-04
0.000510923    	1.9860254e-04
0.000511299    	1.9893156e-04
0.000511674    	1.9926052e-04
0.00051205     	1.9958947e-04
0.000512425    	1.9991854e-04
0.0005128      	2.0024785e-04
0.000513176    	2.0057759e-04
0.000513551    	2.0090779e-04
0.000513926    	2.0123831e-04
0.000514302    	2.0156893e-04
0.000514677    	2.0189961e-04
0.000515053    	2.0223039e-04
0.000515428    	2.0256127e-04
0.000515803    	2.0289231e-04
0.000516179    	2.0322354e-04
0.000516554    	2.0355518e-04
0.000516929    	2.0388736e-04
0.000517305    	2.0421996e-04
0.00051768     	2.0455270e-04
0.000518056    	2.0488547e-04
0.000518431    	2.0521837e-04
0.000518806    	2.0555158e-04
0.000519182    	2.0588514e-04
0.000519557    	2.0621902e-04
0.000519932    	2.0655329e-04
0.000520308    	2.0688788e-04
0.000520683    	2.0722267e-04
0.000521059    	2.0755767e-04
0.000521434    	2.0789293e-04
0.000521809    	2.0822848e-04
0.000522185    	2.0856434e-04
0.00052256     	2.0890053e-04
0.000522935    	2.0923719e-04
0.000523311    	2.0957432e-04
0.000523686    	2.0991161e-04
0.000524062    	2.1024894e-04
0.000524437    	2.1058637e-04
0.000524812    	2.1092406e-04
0.000525188    	2.1126209e-04
0.000525563    	2.1160046e-04
0.000525938    	2.1193917e-04
0.000526314    	2.1227824e-04
0.000526689    	2.1261768e-04
0.000527065    	2.1295733e-04
0.00052744     	2.1329707e-04
0.000527815    	2.1363692e-04
0.000528191    	2.1397698e-04
0.000528566    	2.1431733e-04
0.000528941    	2.1465801e-04
0.000529317    	2.1499894e-04
0.000529692    	2.1534011e-04
0.000530068    	2.1568150e-04
0.000530443    	2.1602311e-04
0.000530818    	2.1636497e-04
0.000531194    	2.1670705e-04
0.000531569    	2.1704935e-04
0.000531944    	2.1739190e-04
0.00053232     	2.1773472e-04
0.000532695    	2.1807781e-04
0.000533071    	2.1842115e-04
0.000533446    	2.1876468e-04
0.000533821    	2.1910843e-04
0.000534197    	2.1945243e-04
0.000534572    	2.1979671e-04
0.000534947    	2.2014122e-04
0.000535323    	2.2048592e-04
0.000535698    	2.2083082e-04
0.000536074    	2.2117600e-04
0.000536449    	2.2152153e-04
0.000536824    	2.2186738e-04
0.0005372      	2.2221348e-04
0.000537575    	2.2255987e-04
0.00053795     	2.2290656e-04
0.000538326    	2.2325364e-04
0.000538701    	2.2360108e-04
0.000539077    	2.2394881e-04
0.000539452    	2.2429684e-04
0.000539827    	2.2464519e-04
0.000540203    	2.2499387e-04
0.000540578    	2.2534287e-04
0.000540953    	2.2569209e-04
0.000541329    	2.2604147e-04
0.000541704    	2.2639106e-04
0.00054208     	2.2674091e-04
0.000542455    	2.2709104e-04
0.00054283     	2.2744144e-04
0.000543206    	2.2779211e-04
0.000543581    	2.2814309e-04
0.000543956    	2.2849443e-04
0.000544332    	2.2884616e-04
0.000544707    	2.2919823e-04
0.000545083    	2.2955058e-04
0.000545458    	2.2990322e-04
0.000545833    	2.3025620e-04
0.000546209    	2.3060955e-04
0.000546584    	2.3096324e-04
0.000546959    	2.3131718e-04
0.000547335    	2.3167138e-04
0.00054771     	2.3202585e-04
0.000548086    	2.3238065e-04
0.000548461    	2.3273577e-04
0.000548836    	2.3309114e-04
0.000549212    	2.3344670e-04
0.000549587    	2.3380250e-04
0.000549962    	2.3415861e-04
0.000550338    	2.3451501e-04
0.000550713    	2.3487169e-04
0.000551089    	2.3522868e-04
0.000551464    	2.3558596e-04
0.000551839    	2.3594352e-04
0.000552215    	2.3630136e-04
0.00055259     	2.3665939e-04
0.000552965    	2.3701756e-04
0.000553341    	2.3737589e-04
0.000553716    	2.3773441e-04
0.000554092    	2.3809316e-04
0.000554467    	2.3845222e-04
0.000554842    	2.3881157e-04
0.000555218    	2.3917115e-04
0.000555593    	2.3953096e-04
0.000555968    	2.3989106e-04
0.000556344    	2.4025150e-04
0.000556719    	2.4061224e-04
0.000557095    	2.4097330e-04
0.00055747     	2.4133477e-04
0.000557845    	2.4169670e-04
0.000558221    	2.4205909e-04
0.000558596    	2.4242180e-04
0.000558971    	2.4278465e-04
0.000559347    	2.4314755e-04
0.000559722    	2.4351060e-04
0.000560098    	2.4387387e-04
0.000560473    	2.4423740e-04
0.000560848    	2.4460119e-04
0.000561224    	2.4496530e-04
0.000561599    	2.4532972e-04
0.000561974    	2.4569440e-04
0.00056235     	2.4605940e-04
0.000562725    	2.4642479e-04
0.000563101    	2.4679058e-04
0.000563476    	2.4715666e-04
0.000563851    	2.4752298e-04
0.000564227    	2.4788963e-04
0.000564602    	2.4825685e-04
0.000564977    	2.4862463e-04
0.000565353    	2.4899276e-04
0.000565728    	2.4936107e-04
0.000566104    	2.4972961e-04
0.000566479    	2.5009849e-04
0.000566854    	2.5046776e-04
0.00056723     	2.5083748e-04
0.000567605    	2.5120770e-04
0.00056798     	2.5157842e-04
0.000568356    	2.5194956e-04
0.000568731    	2.5232104e-04
0.000569107    	2.5269287e-04
0.000569482    	2.5306512e-04
0.000569857    	2.5343776e-04
0.000570233    	2.5381077e-04
0.000570608    	2.5418413e-04
0.000570983    	2.5455794e-04
0.000571359    	2.5493219e-04
0.000571734    	2.5530683e-04
0.00057211     	2.5568187e-04
0.000572485    	2.5605739e-04
0.00057286     	2.5643341e-04
0.000573236    	2.5680984e-04
0.000573611    	2.5718661e-04
0.000573986    	2.5756375e-04
0.000574362    	2.5794136e-04
0.000574737    	2.5831943e-04
0.000575113    	2.5869792e-04
0.000575488    	2.5907686e-04
0.000575863    	2.5945636e-04
0.000576239    	2.5983635e-04
0.000576614    	2.6021686e-04
0.000576989    	2.6059790e-04
0.000577365    	2.6097930e-04
0.00057774     	2.6136099e-04
0.000578116    	2.6174298e-04
0.000578491    	2.6212531e-04
0.000578866    	2.6250805e-04
0.000579242    	2.6289129e-04
0.000579617    	2.6327499e-04
0.000579992    	2.6365914e-04
0.000580368    	2.6404381e-04
0.000580743    	2.6442907e-04
0.000581119    	2.6481477e-04
0.000581494    	2.6520081e-04
0.000581869    	2.6558688e-04
0.000582245    	2.6597338e-04
0.00058262     	2.6636053e-04
0.000582995    	2.6674833e-04
0.000583371    	2.6713655e-04
0.000583746    	2.6752489e-04
0.000584122    	2.6791333e-04
0.000584497    	2.6830186e-04
0.000584872    	2.6869102e-04
0.000585248    	2.6908095e-04
0.000585623    	2.6947170e-04
0.000585998    	2.6986317e-04
0.000586374    	2.7025490e-04
0.000586749    	2.7064682e-04
0.000587125    	2.7103887e-04
0.0005875      	2.7143172e-04
0.000587875    	2.7182532e-04
0.000588251    	2.7221955e-04
0.000588626    	2.7261440e-04
0.000589002    	2.7300956e-04
0.000589377    	2.7340490e-04
0.000589752    	2.7380017e-04
0.000590128    	2.7419615e-04
0.000590503    	2.7459283e-04
0.000590878    	2.7499025e-04
0.000591254    	2.7538833e-04
0.000591629    	2.7578667e-04
0.000592005    	2.7618524e-04
0.00059238     	2.7658379e-04
0.000592755    	2.7698306e-04
0.000593131    	2.7738292e-04
0.000593506    	2.7778344e-04
0.000593881    	2.7818466e-04
0.000594257    	2.7858614e-04
0.000594632    	2.7898774e-04
0.000595008    	2.7938923e-04
0.000595383    	2.7979154e-04
0.000595758    	2.8019457e-04
0.000596134    	2.8059821e-04
0.000596509    	2.8100241e-04
0.000596884    	2.8140698e-04
0.00059726     	2.8181167e-04
0.000597635    	2.8221604e-04
0.000598011    	2.8262096e-04
0.000598386    	2.8302664e-04
0.000598761    	2.8343301e-04
0.000599137    	2.8383993e-04
0.000599512    	2.8424747e-04
0.000599887    	2.8465531e-04
0.000600263    	2.8506316e-04
0.000600638    	2.8547160e-04
0.000601014    	2.8588099e-04
0.000601389    	2.8629125e-04
0.000601764    	2.8670249e-04
0.00060214     	2.8711470e-04
0.000602515    	2.8752794e-04
0.00060289     	2.8794175e-04
0.000603266    	2.8835610e-04
0.000603641    	2.8877189e-04
0.000604017    	2.8918907e-04
0.000604392    	2.8960760e-04
0.000604767    	2.9002744e-04
0.000605143    	2.9044866e-04
0.000605518    	2.9087145e-04
0.000605893    	2.9129514e-04
0.000606269    	2.9172009e-04
0.000606644    	2.9214702e-04
0.00060702     	2.9257589e-04
0.000607395    	2.9300660e-04
0.00060777     	2.9343909e-04
0.000608146    	2.9387345e-04
0.000608521    	2.9430971e-04
0.000608896    	2.9474764e-04
0.000609272    	2.9518757e-04
0.000609647    	2.9562972e-04
0.000610023    	2.9607411e-04
0.000610398    	2.9652062e-04
0.000610773    	2.9696919e-04
0.000611149    	2.9741981e-04
0.000611524    	2.9787247e-04
0.000611899    	2.9832720e-04
0.000612275    	2.9878402e-04
0.00061265     	2.9924295e-04
0.000613026    	2.9970396e-04
0.000613401    	3.0016693e-04
0.000613776    	3.0063168e-04
0.000614152    	3.0109813e-04
0.000614527    	3.0156623e-04
0.000614902    	3.0203589e-04
0.000615278    	3.0250698e-04
0.000615653    	3.0297937e-04
0.000616029    	3.0345296e-04
0.000616404    	3.0392759e-04
0.000616779    	3.0440304e-04
0.000617155    	3.0487912e-04
0.00061753     	3.0535574e-04
0.000617905    	3.0583288e-04
0.000618281    	3.0631040e-04
0.000618656    	3.0678814e-04
0.000619032    	3.0726594e-04
0.000619407    	3.0774370e-04
0.000619782    	3.0822128e-04
0.000620158    	3.0869857e-04
0.000620533    	3.0917551e-04
0.000620908    	3.0965209e-04
0.000621284    	3.1012825e-04
0.000621659    	3.1060390e-04
0.000622035    	3.1107900e-04
0.00062241     	3.1155362e-04
0.000622785    	3.1202785e-04
0.000623161    	3.1250181e-04
0.000623536    	3.1297552e-04
0.000623911    	3.1344901e-04
0.000624287    	3.1392246e-04
0.000624662    	3.1439600e-04
0.000625038    	3.1486973e-04
0.000625413    	3.1534378e-04
0.000625788    	3.1581842e-04
0.000626164    	3.1629382e-04
0.000626539    	3.1677005e-04
0.000626914    	3.1724726e-04
0.00062729     	3.1772570e-04
0.000627665    	3.1820565e-04
0.000628041    	3.1868732e-04
0.000628416    	3.1917094e-04
0.000628791    	3.1965677e-04
0.000629167    	3.2014506e-04
0.000629542    	3.2063603e-04
0.000629917    	3.2112996e-04
0.000630293    	3.2162713e-04
0.000630668    	3.2212787e-04
0.000631044    	3.2263238e-04
0.000631419    	3.2314082e-04
0.000631794    	3.2365334e-04
0.00063217     	3.2417015e-04
0.000632545    	3.2469150e-04
0.00063292     	3.2521750e-04
0.000633296    	3.2574825e-04
0.000633671    	3.2628385e-04
0.000634047    	3.2682435e-04
0.000634422    	3.2736971e-04
0.000634797    	3.2791986e-04
0.000635173    	3.2847484e-04
0.000635548    	3.2903468e-04
0.000635923    	3.2959932e-04
0.000636299    	3.3016857e-04
0.000636674    	3.3074226e-04
0.00063705     	3.3132024e-04
0.000637425    	3.3190240e-04
0.0006378      	3.3248851e-04
0.000638176    	3.3307832e-04
0.000638551    	3.3367161e-04
0.000638926    	3.3426815e-04
0.000639302    	3.3486763e-04
0.000639677    	3.3546967e-04
0.000640053    	3.3607394e-04
0.000640428    	3.3668021e-04
0.000640803    	3.3728822e-04
0.000641179    	3.3789762e-04
0.000641554    	3.3850802e-04
0.000641929    	3.3911915e-04
0.000642305    	3.3973075e-04
0.00064268     	3.4034254e-04
0.000643056    	3.4095417e-04
0.000643431    	3.4156542e-04
0.000643806    	3.4217610e-04
0.000644182    	3.4278602e-04
0.000644557    	3.4339487e-04
0.000644932    	3.4400241e-04
0.000645308    	3.4460853e-04
0.000645683    	3.4521312e-04
0.000646059    	3.4581601e-04
0.000646434    	3.4641705e-04
0.000646809    	3.4701615e-04
0.000647185    	3.4761332e-04
0.00064756     	3.4820846e-04
0.000647935    	3.4880147e-04
0.000648311    	3.4939232e-04
0.000648686    	3.4998104e-04
0.000649062    	3.5056759e-04
0.000649437    	3.5115189e-04
0.000649812    	3.5173395e-04
0.000650188    	3.5231388e-04
0.000650563    	3.5289177e-04
0.000650938    	3.5346762e-04
0.000651314    	3.5404150e-04
0.000651689    	3.5461356e-04
0.000652065    	3.5518393e-04
0.00065244     	3.5575263e-04
0.000652815    	3.5631976e-04
0.000653191    	3.5688549e-04
0.000653566    	3.5744997e-04
0.000653941    	3.5801328e-04
0.000654317    	3.5857548e-04
0.000654692    	3.5913675e-04
0.000655068    	3.5969725e-04
0.000655443    	3.6025702e-04
0.000655818    	3.6081614e-04
0.000656194    	3.6137480e-04
0.000656569    	3.6193318e-04
0.000656944    	3.6249133e-04
0.00065732     	3.6304930e-04
0.000657695    	3.6360723e-04
0.000658071    	3.6416528e-04
0.000658446    	3.6472351e-04
0.000658821    	3.6528196e-04
0.000659197    	3.6584075e-04
0.000659572    	3.6640002e-04
0.000659947    	3.6695982e-04
0.000660323    	3.6752019e-04
0.000660698    	3.6808120e-04
0.000661074    	3.6864305e-04
0.000661449    	3.6920580e-04
0.000661824    	3.6976948e-04
0.0006622      	3.7033415e-04
0.000662575    	3.7089996e-04
0.00066295     	3.7146695e-04
0.000663326    	3.7203517e-04
0.000663701    	3.7260472e-04
0.000664077    	3.7317575e-04
0.000664452    	3.7374836e-04
0.000664827    	3.7432253e-04
0.000665203    	3.7489823e-04
0.000665578    	3.7547551e-04
0.000665953    	3.7605445e-04
0.000666329    	3.7663509e-04
0.000666704    	3.7721739e-04
0.00066708     	3.7780136e-04
0.000667455    	3.7838706e-04
0.00066783     	3.7897449e-04
0.000668206    	3.7956357e-04
0.000668581    	3.8015428e-04
0.000668956    	3.8074661e-04
0.000669332    	3.8134054e-04
0.000669707    	3.8193591e-04
0.000670083    	3.8253255e-04
0.000670458    	3.8313033e-04
0.000670833    	3.8372919e-04
0.000671209    	3.8432896e-04
0.000671584    	3.8492948e-04
0.000671959    	3.8553058e-04
0.000672335    	3.8613215e-04
0.00067271     	3.8673400e-04
0.000673086    	3.8733588e-04
0.000673461    	3.8793759e-04
0.000673836    	3.8853901e-04
0.000674212    	3.8914000e-04
0.000674587    	3.8974040e-04
0.000674962    	3.9034002e-04
0.000675338    	3.9093878e-04
0.000675713    	3.9153658e-04
0.000676089    	3.9213330e-04
0.000676464    	3.9272881e-04
0.000676839    	3.9332305e-04
0.000677215    	3.9391602e-04
0.00067759     	3.9450768e-04
0.000677965    	3.9509797e-04
0.000678341    	3.9568683e-04
0.000678716    	3.9627429e-04
0.000679092    	3.9686046e-04
0.000679467    	3.9744547e-04
0.000679842    	3.9802939e-04
0.000680218    	3.9861224e-04
0.000680593    	3.9919407e-04
0.000680968    	3.9977490e-04
0.000681344    	4.0035486e-04
0.000681719    	4.0093419e-04
0.000682095    	4.0151318e-04
0.00068247     	4.0209202e-04
0.000682845    	4.0267079e-04
0.000683221    	4.0324950e-04
0.000683596    	4.0382827e-04
0.000683971    	4.0440732e-04
0.000684347    	4.0498689e-04
0.000684722    	4.0556711e-04
0.000685098    	4.0614804e-04
0.000685473    	4.0672971e-04
0.000685848    	4.0731217e-04
0.000686224    	4.0789556e-04
0.000686599    	4.0848007e-04
0.000686974    	4.0906581e-04
0.00068735     	4.0965282e-04
0.000687725    	4.1024106e-04
0.000688101    	4.1083041e-04
0.000688476    	4.1142083e-04
0.000688851    	4.1201243e-04
0.000689227    	4.1260540e-04
0.000689602    	4.1319976e-04
0.000689977    	4.1379537e-04
0.000690353    	4.1439201e-04
0.000690728    	4.1498956e-04
0.000691104    	4.1558799e-04
0.000691479    	4.1618732e-04
0.000691854    	4.1678745e-04
0.00069223     	4.1738823e-04
0.000692605    	4.1798953e-04
0.00069298     	4.1859115e-04
0.000693356    	4.1919302e-04
0.000693731    	4.1979516e-04
0.000694107    	4.2039754e-04
0.000694482    	4.2100003e-04
0.000694857    	4.2160239e-04
0.000695233    	4.2220434e-04
0.000695608    	4.2280582e-04
0.000695983    	4.2340687e-04
0.000696359    	4.2400753e-04
0.000696734    	4.2460773e-04
0.00069711     	4.2520730e-04
0.000697485    	4.2580601e-04
0.00069786     	4.2640378e-04
0.000698236    	4.2700065e-04
0.000698611    	4.2759681e-04
0.000698986    	4.2819230e-04
0.000699362    	4.2878707e-04
0.000699737    	4.2938098e-04
0.000700113    	4.2997393e-04
0.000700488    	4.3056618e-04
0.000700864    	4.3115781e-04
0.000701239    	4.3174904e-04
0.000701615    	4.3233991e-04
0.00070199     	4.3293033e-04
0.000702366    	4.3352020e-04
0.000702741    	4.3410960e-04
0.000703117    	4.3469880e-04
0.000703492    	4.3528809e-04
0.000703868    	4.3587757e-04
0.000704243    	4.3646715e-04
0.000704619    	4.3705668e-04
0.000704994    	4.3764613e-04
0.00070537     	4.3823575e-04
0.000705745    	4.3882585e-04
0.000706121    	4.3941653e-04
0.000706496    	4.4000772e-04
0.000706872    	4.4059925e-04
0.000707247    	4.4119098e-04
0.000707623    	4.4178303e-04
0.000707998    	4.4237566e-04
0.000708374    	4.4296900e-04
0.00070875     	4.4356297e-04
0.000709125    	4.4415730e-04
0.000709501    	4.4475171e-04
0.000709876    	4.4534621e-04
0.000710252    	4.4594101e-04
0.000710627    	4.4653620e-04
0.000711003    	4.4713162e-04
0.000711378    	4.4772699e-04
0.000711754    	4.4832197e-04
0.000712129    	4.4891643e-04
0.000712505    	4.4951047e-04
0.00071288     	4.5010424e-04
0.000713256    	4.5069772e-04
0.000713631    	4.5129071e-04
0.000714007    	4.5188283e-04
0.000714382    	4.5247386e-04
0.000714758    	4.5306400e-04
0.000715133    	4.5365356e-04
0.000715509    	4.5424262e-04
0.000715884    	4.5483100e-04
0.00071626     	4.5541844e-04
0.000716635    	4.5600486e-04
0.000717011    	4.5659046e-04
0.000717386    	4.5717556e-04
0.000717762    	4.5776035e-04
0.000718137    	4.5834487e-04
0.000718513    	4.5892895e-04
0.000718888    	4.5951243e-04
0.000719264    	4.6009541e-04
0.00071964     	4.6067836e-04
0.000720015    	4.6126164e-04
0.000720391    	4.6184537e-04
0.000720766    	4.6242938e-04
0.000721142    	4.6301353e-04
0.000721517    	4.6359793e-04
0.000721893    	4.6418293e-04
0.000722268    	4.6476881e-04
0.000722644    	4.6535567e-04
0.000723019    	4.6594343e-04
0.000723395    	4.6653192e-04
0.00072377     	4.6712109e-04
0.000724146    	4.6771111e-04
0.000724521    	4.6830231e-04
0.000724897    	4.6889489e-04
0.000725272    	4.6948873e-04
0.000725648    	4.7008354e-04
0.000726023    	4.7067913e-04
0.000726399    	4.7127555e-04
0.000726774    	4.7187303e-04
0.00072715     	4.7247166e-04
0.000727525    	4.7307134e-04
0.000727901    	4.7367176e-04
0.000728276    	4.7427267e-04
0.000728652    	4.7487396e-04
0.000729027    	4.7547575e-04
0.000729403    	4.7607815e-04
0.000729778    	4.7668107e-04
0.000730154    	4.7728430e-04
0.000730529    	4.7788751e-04
0.000730905    	4.7849052e-04
0.000731281    	4.7909337e-04
0.000731656    	4.7969623e-04
0.000732032    	4.8029910e-04
0.000732407    	4.8090183e-04
0.000732783    	4.8150413e-04
0.000733158    	4.8210579e-04
0.000733534    	4.8270676e-04
0.000733909    	4.8330723e-04
0.000734285    	4.8390737e-04
0.00073466     	4.8450713e-04
0.000735036    	4.8510631e-04
0.000735411    	4.8570463e-04
0.000735787    	4.8630198e-04
0.000736162    	4.8689843e-04
0.000736538    	4.8749418e-04
0.000736913    	4.8808929e-04
0.000737289    	4.8868377e-04
0.000737664    	4.8927751e-04
0.00073804     	4.8987050e-04
0.000738415    	4.9046288e-04
0.000738791    	4.9105484e-04
0.000739166    	4.9164648e-04
0.000739542    	4.9223781e-04
0.000739917    	4.9282871e-04
0.000740293    	4.9341911e-04
0.000740668    	4.9400911e-04
0.000741044    	4.9459892e-04
0.000741419    	4.9518872e-04
0.000741795    	4.9577858e-04
0.00074217     	4.9636848e-04
0.000742546    	4.9695838e-04
0.000742922    	4.9754829e-04
0.000743297    	4.9813833e-04
0.000743673    	4.9872867e-04
0.000744048    	4.9931938e-04
0.000744424    	4.9991043e-04
0.000744799    	5.0050184e-04
0.000745175    	5.0109370e-04
0.00074555     	5.0168609e-04
0.000745926    	5.0227899e-04
0.000746301    	5.0287243e-04
0.000746677    	5.0346649e-04
0.000747052    	5.0406123e-04
0.000747428    	5.0465661e-04
0.000747803    	5.0525259e-04
0.000748179    	5.0584916e-04
0.000748554    	5.0644639e-04
0.00074893     	5.0704424e-04
0.000749305    	5.0764258e-04
0.000749681    	5.0824131e-04
0.000750056    	5.0884046e-04
0.000750432    	5.0944002e-04
0.000750807    	5.1003990e-04
0.000751183    	5.1063995e-04
0.000751558    	5.1124009e-04
0.000751934    	5.1184035e-04
0.000752309    	5.1244067e-04
0.000752685    	5.1304091e-04
0.00075306     	5.1364094e-04
0.000753436    	5.1424066e-04
0.000753811    	5.1484006e-04
0.000754187    	5.1543907e-04
0.000754563    	5.1603762e-04
0.000754938    	5.1663560e-04
0.000755314    	5.1723295e-04
0.000755689    	5.1782965e-04
0.000756065    	5.1842569e-04
0.00075644     	5.1902103e-04
0.000756816    	5.1961563e-04
0.000757191    	5.2020951e-04
0.000757567    	5.2080272e-04
0.000757942    	5.2139521e-04
0.000758318    	5.2198698e-04
0.000758693    	5.2257815e-04
0.000759069    	5.2316884e-04
0.000759444    	5.2375905e-04
0.00075982     	5.2434878e-04
0.000760195    	5.2493797e-04
0.000760571    	5.2552636e-04
0.000760946    	5.2611365e-04
0.000761322    	5.2669967e-04
0.000761697    	5.2728462e-04
0.000762073    	5.2786899e-04
0.000762448    	5.2845317e-04
0.000762824    	5.2903731e-04
0.000763199    	5.2962145e-04
0.000763575    	5.3020573e-04
0.00076395     	5.3079014e-04
0.000764326    	5.3137451e-04
0.000764701    	5.3195887e-04
0.000765077    	5.3254346e-04
0.000765452    	5.3312838e-04
0.000765828    	5.3371341e-04
0.000766204    	5.3429840e-04
0.000766579    	5.3488354e-04
0.000766955    	5.3546900e-04
0.00076733     	5.3605471e-04
0.000767706    	5.3664038e-04
0.000768081    	5.3722584e-04
0.000768457    	5.3781122e-04
0.000768832    	5.3839667e-04
0.000769208    	5.3898217e-04
0.000769583    	5.3956755e-04
0.000769959    	5.4015274e-04
0.000770334    	5.4073788e-04
0.00077071     	5.4132306e-04
0.000771085    	5.4190805e-04
0.000771461    	5.4249269e-04
0.000771836    	5.4307696e-04
0.000772212    	5.4366103e-04
0.000772587    	5.4424480e-04
0.000772963    	5.4482794e-04
0.000773338    	5.4541035e-04
0.000773714    	5.4599213e-04
0.000774089    	5.4657345e-04
0.000774465    	5.4715414e-04
0.00077484     	5.4773397e-04
0.000775216    	5.4831294e-04
0.000775591    	5.4889122e-04
0.000775967    	5.4946886e-04
0.000776342    	5.5004572e-04
0.000776718    	5.5062180e-04
0.000777094    	5.5119723e-04
0.000777469    	5.5177214e-04
0.000777845    	5.5234650e-04
0.00077822     	5.5292013e-04
0.000778596    	5.5349303e-04
0.000778971    	5.5406537e-04
0.000779347    	5.5463732e-04
0.000779722    	5.5520888e-04
0.000780098    	5.5578001e-04
0.000780473    	5.5635075e-04
0.000780849    	5.5692118e-04
0.000781224    	5.5749136e-04
0.0007816      	5.5806133e-04
0.000781975    	5.5863113e-04
0.000782351    	5.5920085e-04
0.000782726    	5.5977052e-04
0.000783102    	5.6034019e-04
0.000783477    	5.6090988e-04
0.000783853    	5.6147962e-04
0.000784228    	5.6204943e-04
0.000784604    	5.6261934e-04
0.000784979    	5.6318934e-04
0.000785355    	5.6375943e-04
0.00078573     	5.6432959e-04
0.000786106    	5.6489978e-04
0.000786481    	5.6546998e-04
0.000786857    	5.6604016e-04
0.000787232    	5.6661028e-04
0.000787608    	5.6718028e-04
0.000787983    	5.6775012e-04
0.000788359    	5.6831974e-04
0.000788735    	5.6888907e-04
0.00078911     	5.6945798e-04
0.000789486    	5.7002645e-04
0.000789861    	5.7059456e-04
0.000790237    	5.7116233e-04
0.000790612    	5.7172967e-04
0.000790988    	5.7229632e-04
0.000791363    	5.7286227e-04
0.000791739    	5.7342766e-04
0.000792114    	5.7399254e-04
0.00079249     	5.7455699e-04
0.000792865    	5.7512104e-04
0.000793241    	5.7568460e-04
0.000793616    	5.7624757e-04
0.000793992    	5.7680987e-04
0.000794367    	5.7737155e-04
0.000794743    	5.7793266e-04
0.000795118    	5.7849326e-04
0.000795494    	5.7905342e-04
0.000795869    	5.7961318e-04
0.000796245    	5.8017257e-04
0.00079662     	5.8073160e-04
0.000796996    	5.8129027e-04
0.000797371    	5.8184857e-04
0.000797747    	5.8240650e-04
0.000798122    	5.8296410e-04
0.000798498    	5.8352142e-04
0.000798873    	5.8407852e-04
0.000799249    	5.8463545e-04
0.000799624    	5.8519228e-04
0.0008         	5.8574915e-04
0.000800376    	5.8630608e-04
0.000800751    	5.8686298e-04
0.000801127    	5.8741985e-04
0.000801502    	5.8797669e-04
0.000801878    	5.8853351e-04
0.000802253    	5.8909023e-04
0.000802629    	5.8964677e-04
0.000803004    	5.9020314e-04
0.00080338     	5.9075933e-04
0.000803755    	5.9131528e-04
0.000804131    	5.9187086e-04
0.000804506    	5.9242598e-04
0.000804882    	5.9298055e-04
0.000805257    	5.9353455e-04
0.000805633    	5.9408793e-04
0.000806008    	5.9464063e-04
0.000806384    	5.9519259e-04
0.000806759    	5.9574370e-04
0.000807135    	5.9629387e-04
0.00080751     	5.9684297e-04
0.000807886    	5.9739093e-04
0.000808261    	5.9793767e-04
0.000808637    	5.9848315e-04
0.000809012    	5.9902731e-04
0.000809388    	5.9957012e-04
0.000809763    	6.0011158e-04
0.000810139    	6.0065166e-04
0.000810514    	6.0119036e-04
0.00081089     	6.0172775e-04
0.000811265    	6.0226385e-04
0.000811641    	6.0279864e-04
0.000812017    	6.0333212e-04
0.000812392    	6.0386432e-04
0.000812768    	6.0439532e-04
0.000813143    	6.0492520e-04
0.000813519    	6.0545402e-04
0.000813894    	6.0598182e-04
0.00081427     	6.0650874e-04
0.000814645    	6.0703493e-04
0.000815021    	6.0756033e-04
0.000815396    	6.0808494e-04
0.000815772    	6.0860893e-04
0.000816147    	6.0913246e-04
0.000816523    	6.0965561e-04
0.000816898    	6.1017852e-04
0.000817274    	6.1070129e-04
0.000817649    	6.1122395e-04
0.000818025    	6.1174646e-04
0.0008184      	6.1226886e-04
0.000818776    	6.1279118e-04
0.000819151    	6.1331338e-04
0.000819527    	6.1383543e-04
0.000819902    	6.1435736e-04
0.000820278    	6.1487928e-04
0.000820653    	6.1540121e-04
0.000821029    	6.1592306e-04
0.000821404    	6.1644478e-04
0.00082178     	6.1696636e-04
0.000822155    	6.1748775e-04
0.000822531    	6.1800884e-04
0.000822906    	6.1852956e-04
0.000823282    	6.1904990e-04
0.000823658    	6.1956988e-04
0.000824033    	6.2008938e-04
0.000824409    	6.2060831e-04
0.000824784    	6.2112671e-04
0.00082516     	6.2164462e-04
0.000825535    	6.2216200e-04
0.000825911    	6.2267875e-04
0.000826286    	6.2319488e-04
0.000826662    	6.2371049e-04
0.000827037    	6.2422563e-04
0.000827413    	6.2474028e-04
0.000827788    	6.2525434e-04
0.000828164    	6.2576776e-04
0.000828539    	6.2628063e-04
0.000828915    	6.2679301e-04
0.00082929     	6.2730492e-04
0.000829666    	6.2781631e-04
0.000830041    	6.2832715e-04
0.000830417    	6.2883746e-04
0.000830792    	6.2934728e-04
0.000831168    	6.2985660e-04
0.000831543    	6.3036541e-04
0.000831919    	6.3087369e-04
0.000832294    	6.3138143e-04
0.00083267     	6.3188860e-04
0.000833045    	6.3239516e-04
0.000833421    	6.3290106e-04
0.000833796    	6.3340626e-04
0.000834172    	6.3391070e-04
0.000834548    	6.3441432e-04
0.000834923    	6.3491707e-04
0.000835299    	6.3541887e-04
0.000835674    	6.3591970e-04
0.00083605     	6.3641953e-04
0.000836425    	6.3691831e-04
0.000836801    	6.3741601e-04
0.000837176    	6.3791262e-04
0.000837552    	6.3840817e-04
0.000837927    	6.3890265e-04
0.000838303    	6.3939602e-04
0.000838678    	6.3988831e-04
0.000839054    	6.4037956e-04
0.000839429    	6.4086988e-04
0.000839805    	6.4135925e-04
0.00084018     	6.4184764e-04
0.000840556    	6.4233513e-04
0.000840931    	6.4282176e-04
0.000841307    	6.4330764e-04
0.000841682    	6.4379280e-04
0.000842058    	6.4427724e-04
0.000842433    	6.4476101e-04
0.000842809    	6.4524410e-04
0.000843184    	6.4572655e-04
0.00084356     	6.4620833e-04
0.000843935    	6.4668940e-04
0.000844311    	6.4716972e-04
0.000844686    	6.4764926e-04
0.000845062    	6.4812799e-04
0.000845437    	6.4860585e-04
0.000845813    	6.4908283e-04
0.000846189    	6.4955896e-04
0.000846564    	6.5003428e-04
0.00084694     	6.5050885e-04
0.000847315    	6.5098266e-04
0.000847691    	6.5145566e-04
0.000848066    	6.5192783e-04
0.000848442    	6.5239920e-04
0.000848817    	6.5286980e-04
0.000849193    	6.5333964e-04
0.000849568    	6.5380872e-04
0.000849944    	6.5427708e-04
0.000850319    	6.5474483e-04
0.000850695    	6.5521211e-04
0.00085107     	6.5567902e-04
0.000851446    	6.5614565e-04
0.000851821    	6.5661207e-04
0.000852197    	6.5707838e-04
0.000852572    	6.5754463e-04
0.000852948    	6.5801080e-04
0.000853323    	6.5847681e-04
0.000853699    	6.5894256e-04
0.000854074    	6.5940799e-04
0.00085445     	6.5987301e-04
0.000854825    	6.6033751e-04
0.000855201    	6.6080138e-04
0.000855576    	6.6126455e-04
0.000855952    	6.6172707e-04
0.000856327    	6.6218890e-04
0.000856703    	6.6264989e-04
0.000857078    	6.6310982e-04
0.000857454    	6.6356857e-04
0.00085783     	6.6402609e-04
0.000858205    	6.6448225e-04
0.000858581    	6.6493679e-04
0.000858956    	6.6538954e-04
0.000859332    	6.6584062e-04
0.000859707    	6.6629023e-04
0.000860083    	6.6673847e-04
0.000860458    	6.6718523e-04
0.000860834    	6.6763050e-04
0.000861209    	6.6807449e-04
0.000861585    	6.6851789e-04
0.00086196     	6.6896040e-04
0.000862336    	6.6940177e-04
0.000862711    	6.6984193e-04
0.000863087    	6.7028115e-04
0.000863462    	6.7071981e-04
0.000863838    	6.7115796e-04
0.000864213    	6.7159517e-04
0.000864589    	6.7203127e-04
0.000864964    	6.7246661e-04
0.00086534     	6.7290154e-04
0.000865715    	6.7333599e-04
0.000866091    	6.7376947e-04
0.000866466    	6.7420201e-04
0.000866842    	6.7463395e-04
0.000867217    	6.7506557e-04
0.000867593    	6.7549679e-04
0.000867968    	6.7592724e-04
0.000868344    	6.7635700e-04
0.000868719    	6.7678646e-04
0.000869095    	6.7721594e-04
0.000869471    	6.7764511e-04
0.000869846    	6.7807345e-04
0.000870222    	6.7850108e-04
0.000870597    	6.7892841e-04
0.000870973    	6.7935577e-04
0.000871348    	6.7978306e-04
0.000871724    	6.8020999e-04
0.000872099    	6.8063675e-04
0.000872475    	6.8106362e-04
0.00087285     	6.8149058e-04
0.000873226    	6.8191704e-04
0.000873601    	6.8234231e-04
0.000873977    	6.8276647e-04
0.000874352    	6.8319000e-04
0.000874728    	6.8361333e-04
0.000875103    	6.8403635e-04
0.000875479    	6.8445846e-04
0.000875854    	6.8487943e-04
0.00087623     	6.8529968e-04
0.000876605    	6.8571948e-04
0.000876981    	6.8613857e-04
0.000877356    	6.8655658e-04
0.000877732    	6.8697339e-04
0.000878107    	6.8738919e-04
0.000878483    	6.8780431e-04
0.000878858    	6.8821869e-04
0.000879234    	6.8863181e-04
0.000879609    	6.8904351e-04
0.000879985    	6.8945404e-04
0.00088036     	6.8986367e-04
0.000880736    	6.9027244e-04
0.000881112    	6.9067998e-04
0.000881487    	6.9108610e-04
0.000881863    	6.9149095e-04
0.000882238    	6.9189472e-04
0.000882614    	6.9229750e-04
0.000882989    	6.9269921e-04
0.000883365    	6.9309973e-04
0.00088374     	6.9349902e-04
0.000884116    	6.9389722e-04
0.000884491    	6.9429442e-04
0.000884867    	6.9469044e-04
0.000885242    	6.9508512e-04
0.000885618    	6.9547862e-04
0.000885993    	6.9587126e-04
0.000886369    	6.9626320e-04
0.000886744    	6.9665439e-04
0.00088712     	6.9704459e-04
0.000887495    	6.9743357e-04
0.000887871    	6.9782162e-04
0.000888246    	6.9820914e-04
0.000888622    	6.9859621e-04
0.000888997    	6.9898270e-04
0.000889373    	6.9936853e-04
0.000889748    	6.9975361e-04
0.000890124    	7.0013806e-04
0.000890499    	7.0052223e-04
0.000890875    	7.0090627e-04
0.00089125     	7.0129005e-04
0.000891626    	7.0167346e-04
0.000892002    	7.0205649e-04
0.000892377    	7.0243914e-04
0.000892753    	7.0282152e-04
0.000893128    	7.0320369e-04
0.000893504    	7.0358550e-04
0.000893879    	7.0396681e-04
0.000894255    	7.0434761e-04
0.00089463     	7.0472780e-04
0.000895006    	7.0510732e-04
0.000895381    	7.0548618e-04
0.000895757    	7.0586434e-04
0.000896132    	7.0624173e-04
0.000896508    	7.0661834e-04
0.000896883    	7.0699419e-04
0.000897259    	7.0736912e-04
0.000897634    	7.0774307e-04
0.00089801     	7.0811609e-04
0.000898385    	7.0848814e-04
0.000898761    	7.0885915e-04
0.000899136    	7.0922912e-04
0.000899512    	7.0959797e-04
0.000899887    	7.0996555e-04
0.000900263    	7.1033184e-04
0.000900638    	7.1069700e-04
0.000901014    	7.1106115e-04
0.000901389    	7.1142423e-04
0.000901765    	7.1178628e-04
0.00090214     	7.1214732e-04
0.000902516    	7.1250713e-04
0.000902891    	7.1286555e-04
0.000903267    	7.1322261e-04
0.000903643    	7.1357848e-04
0.000904018    	7.1393328e-04
0.000904394    	7.1428718e-04
0.000904769    	7.1464031e-04
0.000905145    	7.1499272e-04
0.00090552     	7.1534436e-04
0.000905896    	7.1569533e-04
0.000906271    	7.1604587e-04
0.000906647    	7.1639606e-04
0.000907022    	7.1674596e-04
0.000907398    	7.1709570e-04
0.000907773    	7.1744527e-04
0.000908149    	7.1779459e-04
0.000908524    	7.1814362e-04
0.0009089      	7.1849247e-04
0.000909275    	7.1884121e-04
0.000909651    	7.1918974e-04
0.000910026    	7.1953805e-04
0.000910402    	7.1988615e-04
0.000910777    	7.2023391e-04
0.000911153    	7.2058121e-04
0.000911528    	7.2092807e-04
0.000911904    	7.2127456e-04
0.000912279    	7.2162062e-04
0.000912655    	7.2196626e-04
0.00091303     	7.2231150e-04
0.000913406    	7.2265629e-04
0.000913781    	7.2300050e-04
0.000914157    	7.2334415e-04
0.000914532    	7.2368734e-04
0.000914908    	7.2403011e-04
0.000915284    	7.2437244e-04
0.000915659    	7.2471438e-04
0.000916035    	7.2505593e-04
0.00091641     	7.2539704e-04
0.000916786    	7.2573759e-04
0.000917161    	7.2607767e-04
0.000917537    	7.2641735e-04
0.000917912    	7.2675662e-04
0.000918288    	7.2709541e-04
0.000918663    	7.2743378e-04
0.000919039    	7.2777163e-04
0.000919414    	7.2810870e-04
0.00091979     	7.2844498e-04
0.000920165    	7.2878065e-04
0.000920541    	7.2911566e-04
0.000920916    	7.2944983e-04
0.000921292    	7.2978316e-04
0.000921667    	7.3011558e-04
0.000922043    	7.3044696e-04
0.000922418    	7.3077739e-04
0.000922794    	7.3110682e-04
0.000923169    	7.3143517e-04
0.000923545    	7.3176245e-04
0.00092392     	7.3208869e-04
0.000924296    	7.3241389e-04
0.000924671    	7.3273787e-04
0.000925047    	7.3306056e-04
0.000925422    	7.3338205e-04
0.000925798    	7.3370242e-04
0.000926173    	7.3402170e-04
0.000926549    	7.3433993e-04
0.000926925    	7.3465712e-04
0.0009273      	7.3497311e-04
0.000927676    	7.3528786e-04
0.000928051    	7.3560156e-04
0.000928427    	7.3591433e-04
0.000928802    	7.3622626e-04
0.000929178    	7.3653746e-04
0.000929553    	7.3684806e-04
0.000929929    	7.3715800e-04
0.000930304    	7.3746730e-04
0.00093068     	7.3777613e-04
0.000931055    	7.3808462e-04
0.000931431    	7.3839292e-04
0.000931806    	7.3870118e-04
0.000932182    	7.3900941e-04
0.000932557    	7.3931747e-04
0.000932933    	7.3962542e-04
0.000933308    	7.3993342e-04
0.000933684    	7.4024160e-04
0.000934059    	7.4055005e-04
0.000934435    	7.4085887e-04
0.00093481     	7.4116795e-04
0.000935186    	7.4147715e-04
0.000935561    	7.4178652e-04
0.000935937    	7.4209621e-04
0.000936312    	7.4240628e-04
0.000936688    	7.4271676e-04
0.000937063    	7.4302756e-04
0.000937439    	7.4333849e-04
0.000937814    	7.4364962e-04
0.00093819     	7.4396116e-04
0.000938566    	7.4427323e-04
0.000938941    	7.4458586e-04
0.000939317    	7.4489902e-04
0.000939692    	7.4521259e-04
0.000940068    	7.4552626e-04
0.000940443    	7.4583991e-04
0.000940819    	7.4615357e-04
0.000941194    	7.4646730e-04
0.00094157     	7.4678110e-04
0.000941945    	7.4709490e-04
0.000942321    	7.4740864e-04
0.000942696    	7.4772219e-04
0.000943072    	7.4803554e-04
0.000943447    	7.4834867e-04
0.000943823    	7.4866157e-04
0.000944198    	7.4897431e-04
0.000944574    	7.4928688e-04
0.000944949    	7.4959911e-04
0.000945325    	7.4991083e-04
0.0009457      	7.5022199e-04
0.000946076    	7.5053266e-04
0.000946451    	7.5084284e-04
0.000946827    	7.5115252e-04
0.000947202    	7.5146147e-04
0.000947578    	7.5176929e-04
0.000947953    	7.5207602e-04
0.000948329    	7.5238183e-04
0.000948704    	7.5268697e-04
0.00094908     	7.5299126e-04
0.000949456    	7.5329465e-04
0.000949831    	7.5359703e-04
0.000950207    	7.5389847e-04
0.000950582    	7.5419910e-04
0.000950958    	7.5449902e-04
0.000951333    	7.5479832e-04
0.000951709    	7.5509705e-04
0.000952084    	7.5539518e-04
0.00095246     	7.5569273e-04
0.000952835    	7.5598986e-04
0.000953211    	7.5628662e-04
0.000953586    	7.5658302e-04
0.000953962    	7.5687904e-04
0.000954337    	7.5717462e-04
0.000954713    	7.5746963e-04
0.000955088    	7.5776402e-04
0.000955464    	7.5805775e-04
0.000955839    	7.5835080e-04
0.000956215    	7.5864318e-04
0.00095659     	7.5893482e-04
0.000956966    	7.5922570e-04
0.000957341    	7.5951583e-04
0.000957717    	7.5980528e-04
0.000958092    	7.6009414e-04
0.000958468    	7.6038255e-04
0.000958843    	7.6067065e-04
0.000959219    	7.6095859e-04
0.000959594    	7.6124641e-04
0.00095997     	7.6153421e-04
0.000960345    	7.6182215e-04
0.000960721    	7.6211036e-04
0.000961097    	7.6239899e-04
0.000961472    	7.6268816e-04
0.000961848    	7.6297787e-04
0.000962223    	7.6326821e-04
0.000962599    	7.6355934e-04
0.000962974    	7.6385140e-04
0.00096335     	7.6414456e-04
0.000963725    	7.6443892e-04
0.000964101    	7.6473462e-04
0.000964476    	7.6503178e-04
0.000964852    	7.6533062e-04
0.000965227    	7.6563130e-04
0.000965603    	7.6593394e-04
0.000965978    	7.6623867e-04
0.000966354    	7.6654529e-04
0.000966729    	7.6685361e-04
0.000967105    	7.6716359e-04
0.00096748     	7.6747507e-04
0.000967856    	7.6778788e-04
0.000968231    	7.6810194e-04
0.000968607    	7.6841695e-04
0.000968982    	7.6873271e-04
0.000969358    	7.6904920e-04
0.000969733    	7.6936642e-04
0.000970109    	7.6968439e-04
0.000970484    	7.7000322e-04
0.00097086     	7.7032281e-04
0.000971235    	7.7064308e-04
0.000971611    	7.7096406e-04
0.000971986    	7.7128574e-04
0.000972362    	7.7160809e-04
0.000972738    	7.7193105e-04
0.000973113    	7.7225441e-04
0.000973489    	7.7257805e-04
0.000973864    	7.7290201e-04
0.00097424     	7.7322639e-04
0.000974615    	7.7355120e-04
0.000974991    	7.7387643e-04
0.000975366    	7.7420192e-04
0.000975742    	7.7452757e-04
0.000976117    	7.7485343e-04
0.000976493    	7.7517952e-04
0.000976868    	7.7550572e-04
0.000977244    	7.7583193e-04
0.000977619    	7.7615785e-04
0.000977995    	7.7648337e-04
0.00097837     	7.7680842e-04
0.000978746    	7.7713289e-04
0.000979121    	7.7745667e-04
0.000979497    	7.7777963e-04
0.000979872    	7.7810149e-04
0.000980248    	7.7842214e-04
0.000980623    	7.7874148e-04
0.000980999    	7.7905931e-04
0.000981374    	7.7937552e-04
0.00098175     	7.7968977e-04
0.000982125    	7.8000167e-04
0.000982501    	7.8031121e-04
0.000982876    	7.8061838e-04
0.000983252    	7.8092310e-04
0.000983627    	7.8122541e-04
0.000984003    	7.8152530e-04
0.000984379    	7.8182284e-04
0.000984754    	7.8211813e-04
0.00098513     	7.8241127e-04
0.000985505    	7.8270240e-04
0.000985881    	7.8299145e-04
0.000986256    	7.8327817e-04
0.000986632    	7.8356251e-04
0.000987007    	7.8384462e-04
0.000987383    	7.8412464e-04
0.000987758    	7.8440269e-04
0.000988134    	7.8467887e-04
