# Region type : patch inlet
# Faces  :     460
# Area   :     7.5346137e-05
# Time         	sum(phi)
0              	0.0000000e+00
4.57971e-07    	-3.4886161e-07
8.33602e-07    	-1.2745884e-06
1.20923e-06    	-2.5097747e-06
1.58486e-06    	-3.9577052e-06
1.96049e-06    	-5.5408812e-06
2.33612e-06    	-7.2254426e-06
2.71175e-06    	-8.9911286e-06
3.08738e-06    	-1.0820828e-05
3.46301e-06    	-1.2698636e-05
3.83864e-06    	-1.4610673e-05
4.21427e-06    	-1.6542559e-05
4.5899e-06     	-1.8479420e-05
4.96553e-06    	-2.0409677e-05
5.34117e-06    	-2.2325288e-05
5.7168e-06     	-2.4222930e-05
6.09243e-06    	-2.6103683e-05
6.46806e-06    	-2.7970944e-05
6.84369e-06    	-2.9830860e-05
7.21932e-06    	-3.1689977e-05
7.59495e-06    	-3.3554512e-05
7.97058e-06    	-3.5430688e-05
8.34621e-06    	-3.7323960e-05
8.72184e-06    	-3.9238861e-05
9.09747e-06    	-4.1178780e-05
9.4731e-06     	-4.3146394e-05
9.84873e-06    	-4.5143664e-05
1.02244e-05    	-4.7171523e-05
1.06e-05       	-4.9230784e-05
1.09756e-05    	-5.1321963e-05
1.13512e-05    	-5.3445052e-05
1.17269e-05    	-5.5599961e-05
1.21025e-05    	-5.7786146e-05
1.24781e-05    	-6.0003563e-05
1.28538e-05    	-6.2251468e-05
1.32294e-05    	-6.4529463e-05
1.3605e-05     	-6.6838295e-05
1.39807e-05    	-6.9178777e-05
1.43563e-05    	-7.1551043e-05
1.47319e-05    	-7.3955031e-05
1.51076e-05    	-7.6390881e-05
1.54832e-05    	-7.8858926e-05
1.58588e-05    	-8.1358747e-05
1.62344e-05    	-8.3890573e-05
1.66101e-05    	-8.6454908e-05
1.69857e-05    	-8.9052189e-05
1.73613e-05    	-9.1682796e-05
1.7737e-05     	-9.4346412e-05
1.81126e-05    	-9.7042843e-05
1.84882e-05    	-9.9772703e-05
1.88639e-05    	-1.0253626e-04
1.92395e-05    	-1.0533313e-04
1.96151e-05    	-1.0816304e-04
1.99907e-05    	-1.1102618e-04
2.03664e-05    	-1.1392202e-04
2.0742e-05     	-1.1684978e-04
2.11176e-05    	-1.1980886e-04
2.14933e-05    	-1.2279909e-04
2.18689e-05    	-1.2582018e-04
2.22445e-05    	-1.2887126e-04
2.26202e-05    	-1.3195098e-04
2.29958e-05    	-1.3505908e-04
2.33714e-05    	-1.3819503e-04
2.3747e-05     	-1.4135887e-04
2.41227e-05    	-1.4454911e-04
2.44983e-05    	-1.4776452e-04
2.48739e-05    	-1.5100353e-04
2.52496e-05    	-1.5426433e-04
2.56252e-05    	-1.5754521e-04
2.60008e-05    	-1.6084476e-04
2.63765e-05    	-1.6416200e-04
2.67521e-05    	-1.6749569e-04
2.71277e-05    	-1.7084465e-04
2.75034e-05    	-1.7420711e-04
2.7879e-05     	-1.7758139e-04
2.82546e-05    	-1.8096635e-04
2.86302e-05    	-1.8436130e-04
2.90059e-05    	-1.8776557e-04
2.93815e-05    	-1.9117862e-04
2.97571e-05    	-1.9459970e-04
3.01328e-05    	-1.9802754e-04
3.05084e-05    	-2.0146124e-04
3.0884e-05     	-2.0490013e-04
3.12597e-05    	-2.0834436e-04
3.16353e-05    	-2.1179495e-04
3.20109e-05    	-2.1525118e-04
3.23865e-05    	-2.1871171e-04
3.27622e-05    	-2.2217710e-04
3.31378e-05    	-2.2564722e-04
3.35134e-05    	-2.2912241e-04
3.38891e-05    	-2.3260356e-04
3.42647e-05    	-2.3609231e-04
3.46403e-05    	-2.3958957e-04
3.5016e-05     	-2.4309619e-04
3.53916e-05    	-2.4661312e-04
3.57672e-05    	-2.5014055e-04
3.61428e-05    	-2.5367896e-04
3.65185e-05    	-2.5722851e-04
3.68941e-05    	-2.6078910e-04
3.72697e-05    	-2.6436217e-04
3.76454e-05    	-2.6794991e-04
3.8021e-05     	-2.7155332e-04
3.83966e-05    	-2.7517233e-04
3.87723e-05    	-2.7880688e-04
3.91479e-05    	-2.8245704e-04
3.95235e-05    	-2.8612329e-04
3.98992e-05    	-2.8980510e-04
4.02748e-05    	-2.9350236e-04
4.06504e-05    	-2.9721513e-04
4.1026e-05     	-3.0094282e-04
4.14017e-05    	-3.0468622e-04
4.17773e-05    	-3.0844719e-04
4.21529e-05    	-3.1222591e-04
4.25286e-05    	-3.1602172e-04
4.29042e-05    	-3.1983362e-04
4.32798e-05    	-3.2366132e-04
4.36555e-05    	-3.2750358e-04
4.40311e-05    	-3.3135952e-04
4.44067e-05    	-3.3522676e-04
4.47823e-05    	-3.3910424e-04
4.5158e-05     	-3.4299287e-04
4.55336e-05    	-3.4689504e-04
4.59092e-05    	-3.5081010e-04
4.62849e-05    	-3.5473546e-04
4.66605e-05    	-3.5867015e-04
4.70361e-05    	-3.6261265e-04
4.74118e-05    	-3.6656240e-04
4.77874e-05    	-3.7052127e-04
4.8163e-05     	-3.7449282e-04
4.85386e-05    	-3.7847924e-04
4.89143e-05    	-3.8248002e-04
4.92899e-05    	-3.8649337e-04
4.96655e-05    	-3.9051787e-04
5.00412e-05    	-3.9454858e-04
5.04168e-05    	-3.9858205e-04
5.07924e-05    	-4.0261862e-04
5.11681e-05    	-4.0666081e-04
5.15437e-05    	-4.1071250e-04
5.19193e-05    	-4.1477973e-04
5.2295e-05     	-4.1886294e-04
5.26706e-05    	-4.2296112e-04
5.30462e-05    	-4.2707129e-04
5.34218e-05    	-4.3119274e-04
5.37975e-05    	-4.3532397e-04
5.41731e-05    	-4.3946237e-04
5.45487e-05    	-4.4360622e-04
5.49244e-05    	-4.4775516e-04
5.53e-05       	-4.5191204e-04
5.56756e-05    	-4.5607818e-04
5.60513e-05    	-4.6025154e-04
5.64269e-05    	-4.6443065e-04
5.68025e-05    	-4.6861613e-04
5.71781e-05    	-4.7280216e-04
5.75538e-05    	-4.7698724e-04
5.79294e-05    	-4.8117675e-04
5.8305e-05     	-4.8539136e-04
5.86807e-05    	-4.8963090e-04
5.90563e-05    	-4.9389183e-04
5.94319e-05    	-4.9817137e-04
5.98076e-05    	-5.0245793e-04
6.01832e-05    	-5.0674396e-04
6.05588e-05    	-5.1102438e-04
6.09344e-05    	-5.1530026e-04
6.13101e-05    	-5.1957160e-04
6.16857e-05    	-5.2383819e-04
6.20613e-05    	-5.2810512e-04
6.2437e-05     	-5.3238207e-04
6.28126e-05    	-5.3667543e-04
6.31882e-05    	-5.4098773e-04
6.35639e-05    	-5.4532272e-04
6.39395e-05    	-5.4967799e-04
6.43151e-05    	-5.5404281e-04
6.46908e-05    	-5.5840657e-04
6.50664e-05    	-5.6275860e-04
6.5442e-05     	-5.6709256e-04
6.58176e-05    	-5.7140899e-04
6.61933e-05    	-5.7571654e-04
6.65689e-05    	-5.8003055e-04
6.69445e-05    	-5.8436004e-04
6.73202e-05    	-5.8870602e-04
6.76958e-05    	-5.9306586e-04
6.80714e-05    	-5.9743499e-04
6.84471e-05    	-6.0180651e-04
6.88227e-05    	-6.0616627e-04
6.91983e-05    	-6.1051262e-04
6.95739e-05    	-6.1485138e-04
6.99496e-05    	-6.1918349e-04
7.03252e-05    	-6.2351330e-04
7.07008e-05    	-6.2784653e-04
7.10765e-05    	-6.3218678e-04
7.14521e-05    	-6.3653774e-04
7.18277e-05    	-6.4089394e-04
7.22034e-05    	-6.4525215e-04
7.2579e-05     	-6.4960768e-04
7.29546e-05    	-6.5394973e-04
7.33302e-05    	-6.5827753e-04
7.37059e-05    	-6.6259788e-04
7.40815e-05    	-6.6691958e-04
7.44571e-05    	-6.7124998e-04
7.48328e-05    	-6.7559972e-04
7.52084e-05    	-6.7996850e-04
7.5584e-05     	-6.8434213e-04
7.59597e-05    	-6.8870802e-04
7.63353e-05    	-6.9306337e-04
7.67109e-05    	-6.9740233e-04
7.70866e-05    	-7.0173236e-04
7.74622e-05    	-7.0606214e-04
7.78378e-05    	-7.1040175e-04
7.82134e-05    	-7.1475744e-04
7.85891e-05    	-7.1913061e-04
7.89647e-05    	-7.2351442e-04
7.93403e-05    	-7.2790190e-04
7.9716e-05     	-7.3229039e-04
8.00916e-05    	-7.3667980e-04
8.04672e-05    	-7.4107523e-04
8.08429e-05    	-7.4547741e-04
8.12185e-05    	-7.4988235e-04
8.15941e-05    	-7.5428849e-04
8.19697e-05    	-7.5869540e-04
8.23454e-05    	-7.6310196e-04
8.2721e-05     	-7.6751030e-04
8.30966e-05    	-7.7193033e-04
8.34723e-05    	-7.7636314e-04
8.38479e-05    	-7.8080531e-04
8.42235e-05    	-7.8525289e-04
8.45992e-05    	-7.8905900e-04
8.49748e-05    	-7.9355135e-04
8.53504e-05    	-7.9797228e-04
8.5726e-05     	-8.0240906e-04
8.61017e-05    	-8.0683762e-04
8.64773e-05    	-8.1126529e-04
8.68529e-05    	-8.1569674e-04
8.72286e-05    	-8.2012707e-04
8.76042e-05    	-8.2456307e-04
8.79798e-05    	-8.2900875e-04
8.83555e-05    	-8.3346107e-04
8.87311e-05    	-8.3791496e-04
8.91067e-05    	-8.4236649e-04
8.94824e-05    	-8.4681204e-04
8.9858e-05     	-8.5124792e-04
9.02336e-05    	-8.5487685e-04
9.06092e-05    	-8.5934156e-04
9.09849e-05    	-8.6374994e-04
9.13605e-05    	-8.6817550e-04
9.17361e-05    	-8.7261028e-04
9.21118e-05    	-8.7704731e-04
9.24874e-05    	-8.8148702e-04
9.2863e-05     	-8.8592635e-04
9.32387e-05    	-8.9036133e-04
9.36143e-05    	-8.9479080e-04
9.39899e-05    	-8.9921592e-04
9.43655e-05    	-9.0363733e-04
9.47412e-05    	-9.0805880e-04
9.51168e-05    	-9.1248251e-04
9.54924e-05    	-9.1690704e-04
9.58681e-05    	-9.2081956e-04
9.62437e-05    	-9.2529148e-04
9.66193e-05    	-9.2970946e-04
9.6995e-05     	-9.3413272e-04
9.73706e-05    	-9.3855584e-04
9.77462e-05    	-9.4296716e-04
9.81218e-05    	-9.4738077e-04
9.84975e-05    	-9.5180762e-04
9.88731e-05    	-9.5622619e-04
9.92487e-05    	-9.6063424e-04
9.96244e-05    	-9.6505052e-04
0.0001         	-9.6946577e-04
0.000100376    	-9.7386442e-04
0.000100751    	-9.7825951e-04
0.000101127    	-9.8265431e-04
0.000101503    	-9.8440146e-04
0.000101878    	-9.8896784e-04
0.000102254    	-9.9332034e-04
0.00010263     	-9.9769156e-04
0.000103005    	-1.0021020e-03
0.000103381    	-1.0065078e-03
0.000103757    	-1.0108992e-03
0.000104132    	-1.0152827e-03
0.000104508    	-1.0196607e-03
0.000104884    	-1.0240279e-03
0.000105259    	-1.0283840e-03
0.000105635    	-1.0327335e-03
0.000106011    	-1.0370775e-03
0.000106386    	-1.0414153e-03
0.000106762    	-1.0457489e-03
0.000107137    	-1.0493480e-03
0.000107513    	-1.0537129e-03
0.000107889    	-1.0580215e-03
0.000108264    	-1.0623381e-03
0.00010864     	-1.0666594e-03
0.000109016    	-1.0709727e-03
0.000109391    	-1.0752748e-03
0.000109767    	-1.0795679e-03
0.000110143    	-1.0838530e-03
0.000110518    	-1.0881298e-03
0.000110894    	-1.0923992e-03
0.00011127     	-1.0966620e-03
0.000111645    	-1.1009191e-03
0.000112021    	-1.1051710e-03
0.000112397    	-1.1094169e-03
0.000112772    	-1.1134038e-03
0.000113148    	-1.1176674e-03
0.000113524    	-1.1218995e-03
0.000113899    	-1.1261262e-03
0.000114275    	-1.1303442e-03
0.000114651    	-1.1345564e-03
0.000115026    	-1.1387633e-03
0.000115402    	-1.1429634e-03
0.000115778    	-1.1471541e-03
0.000116153    	-1.1513358e-03
0.000116529    	-1.1555140e-03
0.000116905    	-1.1596863e-03
0.00011728     	-1.1638507e-03
0.000117656    	-1.1680093e-03
0.000118032    	-1.1721649e-03
0.000118407    	-1.1761446e-03
0.000118783    	-1.1803236e-03
0.000119159    	-1.1845131e-03
0.000119534    	-1.1886832e-03
0.00011991     	-1.1928178e-03
0.000120285    	-1.1969008e-03
0.000120661    	-1.2009595e-03
0.000121037    	-1.2050609e-03
0.000121412    	-1.2092154e-03
0.000121788    	-1.2133716e-03
0.000122164    	-1.2175011e-03
0.000122539    	-1.2215794e-03
0.000122915    	-1.2256112e-03
0.000123291    	-1.2296583e-03
0.000123666    	-1.2337794e-03
0.000124042    	-1.2379128e-03
0.000124418    	-1.2420186e-03
0.000124793    	-1.2460845e-03
0.000125169    	-1.2500856e-03
0.000125545    	-1.2540847e-03
0.00012592     	-1.2581604e-03
0.000126296    	-1.2622647e-03
0.000126672    	-1.2663509e-03
0.000127047    	-1.2703986e-03
0.000127423    	-1.2743810e-03
0.000127799    	-1.2783397e-03
0.000128174    	-1.2823729e-03
0.00012855     	-1.2864508e-03
0.000128926    	-1.2905190e-03
0.000129301    	-1.2945503e-03
0.000129677    	-1.2985193e-03
0.000130053    	-1.3024431e-03
0.000130428    	-1.3064302e-03
0.000130804    	-1.3104859e-03
0.00013118     	-1.3145400e-03
0.000131555    	-1.3185590e-03
0.000131931    	-1.3225258e-03
0.000132307    	-1.3264326e-03
0.000132682    	-1.3303768e-03
0.000133058    	-1.3344024e-03
0.000133434    	-1.3384381e-03
0.000133809    	-1.3424455e-03
0.000134185    	-1.3464097e-03
0.00013456     	-1.3503104e-03
0.000134936    	-1.3542130e-03
0.000135312    	-1.3582070e-03
0.000135687    	-1.3622305e-03
0.000136063    	-1.3662318e-03
0.000136439    	-1.3701931e-03
0.000136814    	-1.3741063e-03
0.00013719     	-1.3779971e-03
0.000137566    	-1.3819465e-03
0.000137941    	-1.3859394e-03
0.000138317    	-1.3899307e-03
0.000138693    	-1.3938947e-03
0.000139068    	-1.3978243e-03
0.000139444    	-1.4017281e-03
0.00013982     	-1.4056364e-03
0.000140195    	-1.4095796e-03
0.000140571    	-1.4135398e-03
0.000140947    	-1.4174949e-03
0.000141322    	-1.4214229e-03
0.000141698    	-1.4253359e-03
0.000142074    	-1.4292417e-03
0.000142449    	-1.4331521e-03
0.000142825    	-1.4370749e-03
0.000143201    	-1.4410053e-03
0.000143576    	-1.4449322e-03
0.000143952    	-1.4488508e-03
0.000144328    	-1.4527606e-03
0.000144703    	-1.4566664e-03
0.000145079    	-1.4605741e-03
0.000145455    	-1.4644851e-03
0.00014583     	-1.4683968e-03
0.000146206    	-1.4723069e-03
0.000146582    	-1.4762144e-03
0.000146957    	-1.4801244e-03
0.000147333    	-1.4840337e-03
0.000147708    	-1.4879383e-03
0.000148084    	-1.4918420e-03
0.00014846     	-1.4957443e-03
0.000148835    	-1.4996439e-03
0.000149211    	-1.5035414e-03
0.000149587    	-1.5074376e-03
0.000149962    	-1.5113331e-03
0.000150338    	-1.5152279e-03
0.000150714    	-1.5191216e-03
0.000151089    	-1.5230140e-03
0.000151465    	-1.5269052e-03
0.000151841    	-1.5307954e-03
0.000152216    	-1.5346845e-03
0.000152592    	-1.5385649e-03
0.000152968    	-1.5424462e-03
0.000153343    	-1.5463299e-03
0.000153719    	-1.5502106e-03
0.000154095    	-1.5540887e-03
0.00015447     	-1.5579649e-03
0.000154846    	-1.5618387e-03
0.000155222    	-1.5657104e-03
0.000155597    	-1.5695798e-03
0.000155973    	-1.5734471e-03
0.000156349    	-1.5773121e-03
0.000156724    	-1.5811741e-03
0.0001571      	-1.5850330e-03
0.000157476    	-1.5888887e-03
0.000157851    	-1.5927406e-03
0.000158227    	-1.5965922e-03
0.000158603    	-1.6004394e-03
0.000158978    	-1.6042800e-03
0.000159354    	-1.6081158e-03
0.00015973     	-1.6119471e-03
0.000160105    	-1.6157732e-03
0.000160481    	-1.6195945e-03
0.000160856    	-1.6234110e-03
0.000161232    	-1.6272224e-03
0.000161608    	-1.6310288e-03
0.000161983    	-1.6348301e-03
0.000162359    	-1.6386262e-03
0.000162735    	-1.6424168e-03
0.00016311     	-1.6462019e-03
0.000163486    	-1.6499811e-03
0.000163862    	-1.6537435e-03
0.000164237    	-1.6575072e-03
0.000164613    	-1.6612685e-03
0.000164989    	-1.6650224e-03
0.000165364    	-1.6687696e-03
0.00016574     	-1.6725107e-03
0.000166116    	-1.6762455e-03
0.000166491    	-1.6799741e-03
0.000166867    	-1.6836964e-03
0.000167243    	-1.6874126e-03
0.000167618    	-1.6911234e-03
0.000167994    	-1.6948258e-03
0.00016837     	-1.6985190e-03
0.000168745    	-1.7022064e-03
0.000169121    	-1.7058888e-03
0.000169497    	-1.7095623e-03
0.000169872    	-1.7132262e-03
0.000170248    	-1.7168833e-03
0.000170624    	-1.7205331e-03
0.000170999    	-1.7241730e-03
0.000171375    	-1.7278032e-03
0.000171751    	-1.7314259e-03
0.000172126    	-1.7350400e-03
0.000172502    	-1.7386444e-03
0.000172878    	-1.7422377e-03
0.000173253    	-1.7458214e-03
0.000173629    	-1.7493949e-03
0.000174005    	-1.7529576e-03
0.00017438     	-1.7565105e-03
0.000174756    	-1.7600527e-03
0.000175131    	-1.7635796e-03
0.000175507    	-1.7670968e-03
0.000175883    	-1.7706075e-03
0.000176258    	-1.7741040e-03
0.000176634    	-1.7775882e-03
0.00017701     	-1.7810613e-03
0.000177385    	-1.7845188e-03
0.000177761    	-1.7879671e-03
0.000178137    	-1.7913993e-03
0.000178512    	-1.7948214e-03
0.000178888    	-1.7982278e-03
0.000179264    	-1.8016172e-03
0.000179639    	-1.8049951e-03
0.000180015    	-1.8083510e-03
0.000180391    	-1.8116960e-03
0.000180766    	-1.8150192e-03
0.000181142    	-1.8183275e-03
0.000181518    	-1.8216227e-03
0.000181893    	-1.8248927e-03
0.000182269    	-1.8281512e-03
0.000182645    	-1.8313875e-03
0.00018302     	-1.8346026e-03
0.000183396    	-1.8378068e-03
0.000183772    	-1.8409813e-03
0.000184147    	-1.8441413e-03
0.000184523    	-1.8472811e-03
0.000184899    	-1.8503919e-03
0.000185274    	-1.8534920e-03
0.00018565     	-1.8565615e-03
0.000186026    	-1.8596081e-03
0.000186401    	-1.8626329e-03
0.000186777    	-1.8656312e-03
0.000187153    	-1.8686129e-03
0.000187528    	-1.8715715e-03
0.000187904    	-1.8744939e-03
0.000188279    	-1.8774040e-03
0.000188655    	-1.8802816e-03
0.000189031    	-1.8831277e-03
0.000189406    	-1.8859621e-03
0.000189782    	-1.8887548e-03
0.000190158    	-1.8915216e-03
0.000190533    	-1.8942721e-03
0.000190909    	-1.8969776e-03
0.000191285    	-1.8996628e-03
0.00019166     	-1.9023235e-03
0.000192036    	-1.9049402e-03
0.000192412    	-1.9075411e-03
0.000192787    	-1.9101053e-03
0.000193163    	-1.9126301e-03
0.000193539    	-1.9151418e-03
0.000193914    	-1.9176060e-03
0.00019429     	-1.9200360e-03
0.000194666    	-1.9224486e-03
0.000195041    	-1.9248081e-03
0.000195417    	-1.9271409e-03
0.000195793    	-1.9294465e-03
0.000196168    	-1.9316987e-03
0.000196544    	-1.9339323e-03
0.00019692     	-1.9361256e-03
0.000197295    	-1.9382725e-03
0.000197671    	-1.9404032e-03
0.000198047    	-1.9424801e-03
0.000198422    	-1.9445202e-03
0.000198798    	-1.9465358e-03
0.000199174    	-1.9484952e-03
0.000199549    	-1.9504255e-03
0.000199925    	-1.9523224e-03
0.000200301    	-1.9541650e-03
0.000200676    	-1.9559821e-03
0.000201052    	-1.9577580e-03
0.000201427    	-1.9594840e-03
0.000201803    	-1.9611824e-03
0.000202179    	-1.9628373e-03
0.000202554    	-1.9644449e-03
0.00020293     	-1.9660226e-03
0.000203306    	-1.9675459e-03
0.000203681    	-1.9690335e-03
0.000204057    	-1.9704923e-03
0.000204433    	-1.9719094e-03
0.000204808    	-1.9732831e-03
0.000205184    	-1.9746243e-03
0.00020556     	-1.9759190e-03
0.000205935    	-1.9771664e-03
0.000206311    	-1.9783785e-03
0.000206687    	-1.9795517e-03
0.000207062    	-1.9806834e-03
0.000207438    	-1.9817800e-03
0.000207814    	-1.9828354e-03
0.000208189    	-1.9838465e-03
0.000208565    	-1.9848170e-03
0.000208941    	-1.9857467e-03
0.000209316    	-1.9866391e-03
0.000209692    	-1.9874922e-03
0.000210068    	-1.9883071e-03
0.000210443    	-1.9890833e-03
0.000210819    	-1.9898194e-03
0.000211195    	-1.9905162e-03
0.00021157     	-1.9911744e-03
0.000211946    	-1.9917942e-03
0.000212322    	-1.9923764e-03
0.000212697    	-1.9929206e-03
0.000213073    	-1.9934270e-03
0.000213449    	-1.9938947e-03
0.000213824    	-1.9943253e-03
0.0002142      	-1.9947177e-03
0.000214576    	-1.9950721e-03
0.000214951    	-1.9953899e-03
0.000215327    	-1.9956728e-03
0.000215702    	-1.9959185e-03
0.000216078    	-1.9961309e-03
0.000216454    	-1.9963051e-03
0.000216829    	-1.9964464e-03
0.000217205    	-1.9965502e-03
0.000217581    	-1.9966206e-03
0.000217956    	-1.9966541e-03
0.000218332    	-1.9966541e-03
0.000218708    	-1.9966183e-03
0.000219083    	-1.9965488e-03
0.000219459    	-1.9964447e-03
0.000219835    	-1.9963063e-03
0.00022021     	-1.9961351e-03
0.000220586    	-1.9959280e-03
0.000220962    	-1.9956901e-03
0.000221337    	-1.9954196e-03
0.000221713    	-1.9951177e-03
0.000222089    	-1.9947846e-03
0.000222464    	-1.9944200e-03
0.00022284     	-1.9940249e-03
0.000223216    	-1.9935997e-03
0.000223591    	-1.9931458e-03
0.000223967    	-1.9926628e-03
0.000224343    	-1.9921529e-03
0.000224718    	-1.9916164e-03
0.000225094    	-1.9910555e-03
0.00022547     	-1.9905904e-03
0.000225845    	-1.9899608e-03
0.000226221    	-1.9893051e-03
0.000226597    	-1.9886070e-03
0.000226972    	-1.9878837e-03
0.000227348    	-1.9871420e-03
0.000227724    	-1.9863809e-03
0.000228099    	-1.9856011e-03
0.000228475    	-1.9847920e-03
0.00022885     	-1.9839539e-03
0.000229226    	-1.9830907e-03
0.000229602    	-1.9822070e-03
0.000229977    	-1.9813039e-03
0.000230353    	-1.9803791e-03
0.000230729    	-1.9794298e-03
0.000231104    	-1.9786435e-03
0.00023148     	-1.9776117e-03
0.000231856    	-1.9765789e-03
0.000232231    	-1.9755196e-03
0.000232607    	-1.9744386e-03
0.000232983    	-1.9733373e-03
0.000233358    	-1.9722141e-03
0.000233734    	-1.9710665e-03
0.00023411     	-1.9698946e-03
0.000234485    	-1.9687011e-03
0.000234861    	-1.9674873e-03
0.000235237    	-1.9662536e-03
0.000235612    	-1.9649990e-03
0.000235988    	-1.9637234e-03
0.000236364    	-1.9624260e-03
0.000236739    	-1.9611076e-03
0.000237115    	-1.9597701e-03
0.000237491    	-1.9584132e-03
0.000237866    	-1.9570367e-03
0.000238242    	-1.9556407e-03
0.000238618    	-1.9542256e-03
0.000238993    	-1.9527928e-03
0.000239369    	-1.9513427e-03
0.000239745    	-1.9498750e-03
0.00024012     	-1.9483900e-03
0.000240496    	-1.9468880e-03
0.000240872    	-1.9453690e-03
0.000241247    	-1.9438339e-03
0.000241623    	-1.9422830e-03
0.000241998    	-1.9407199e-03
0.000242374    	-1.9391877e-03
0.00024275     	-1.9375792e-03
0.000243125    	-1.9359722e-03
0.000243501    	-1.9343516e-03
0.000243877    	-1.9327239e-03
0.000244252    	-1.9310824e-03
0.000244628    	-1.9294193e-03
0.000245004    	-1.9277326e-03
0.000245379    	-1.9260345e-03
0.000245755    	-1.9243350e-03
0.000246131    	-1.9226383e-03
0.000246506    	-1.9209336e-03
0.000246882    	-1.9191998e-03
0.000247258    	-1.9174382e-03
0.000247633    	-1.9156690e-03
0.000248009    	-1.9140792e-03
0.000248385    	-1.9122078e-03
0.00024876     	-1.9103914e-03
0.000249136    	-1.9085814e-03
0.000249512    	-1.9067684e-03
0.000249887    	-1.9049522e-03
0.000250263    	-1.9031124e-03
0.000250639    	-1.9012567e-03
0.000251014    	-1.8993848e-03
0.00025139     	-1.8975054e-03
0.000251766    	-1.8956137e-03
0.000252141    	-1.8937227e-03
0.000252517    	-1.8918251e-03
0.000252893    	-1.8899139e-03
0.000253268    	-1.8879884e-03
0.000253644    	-1.8864512e-03
0.00025402     	-1.8844035e-03
0.000254395    	-1.8824305e-03
0.000254771    	-1.8804380e-03
0.000255147    	-1.8784354e-03
0.000255522    	-1.8764241e-03
0.000255898    	-1.8744002e-03
0.000256273    	-1.8723667e-03
0.000256649    	-1.8703240e-03
0.000257025    	-1.8682708e-03
0.0002574      	-1.8662053e-03
0.000257776    	-1.8641313e-03
0.000258152    	-1.8620524e-03
0.000258527    	-1.8599631e-03
0.000258903    	-1.8578624e-03
0.000259279    	-1.8559495e-03
0.000259654    	-1.8537882e-03
0.00026003     	-1.8516603e-03
0.000260406    	-1.8495209e-03
0.000260781    	-1.8473673e-03
0.000261157    	-1.8452029e-03
0.000261533    	-1.8430310e-03
0.000261908    	-1.8408529e-03
0.000262284    	-1.8386649e-03
0.00026266     	-1.8364653e-03
0.000263035    	-1.8342538e-03
0.000263411    	-1.8320399e-03
0.000263787    	-1.8298371e-03
0.000264162    	-1.8276024e-03
0.000264538    	-1.8253451e-03
0.000264914    	-1.8230875e-03
0.000265289    	-1.8208525e-03
0.000265665    	-1.8185964e-03
0.000266041    	-1.8163057e-03
0.000266416    	-1.8140108e-03
0.000266792    	-1.8117276e-03
0.000267168    	-1.8094464e-03
0.000267543    	-1.8072014e-03
0.000267919    	-1.8049105e-03
0.000268295    	-1.8026397e-03
0.00026867     	-1.8003742e-03
0.000269046    	-1.7981187e-03
0.000269421    	-1.7958691e-03
0.000269797    	-1.7935968e-03
0.000270173    	-1.7913063e-03
0.000270548    	-1.7890087e-03
0.000270924    	-1.7867134e-03
0.0002713      	-1.7844240e-03
0.000271675    	-1.7821398e-03
0.000272051    	-1.7798552e-03
0.000272427    	-1.7775719e-03
0.000272802    	-1.7752926e-03
0.000273178    	-1.7730112e-03
0.000273554    	-1.7707245e-03
0.000273929    	-1.7684338e-03
0.000274305    	-1.7661377e-03
0.000274681    	-1.7638437e-03
0.000275056    	-1.7615479e-03
0.000275432    	-1.7592494e-03
0.000275808    	-1.7569375e-03
0.000276183    	-1.7546213e-03
0.000276559    	-1.7522909e-03
0.000276935    	-1.7499487e-03
0.00027731     	-1.7476109e-03
0.000277686    	-1.7452869e-03
0.000278062    	-1.7429575e-03
0.000278437    	-1.7406110e-03
0.000278813    	-1.7382637e-03
0.000279189    	-1.7359147e-03
0.000279564    	-1.7335698e-03
0.00027994     	-1.7312215e-03
0.000280316    	-1.7288672e-03
0.000280691    	-1.7265067e-03
0.000281067    	-1.7241470e-03
0.000281443    	-1.7217925e-03
0.000281818    	-1.7194349e-03
0.000282194    	-1.7170689e-03
0.000282569    	-1.7146905e-03
0.000282945    	-1.7123045e-03
0.000283321    	-1.7099208e-03
0.000283696    	-1.7075342e-03
0.000284072    	-1.7051473e-03
0.000284448    	-1.7027578e-03
0.000284823    	-1.7003652e-03
0.000285199    	-1.6979713e-03
0.000285575    	-1.6955764e-03
0.00028595     	-1.6931811e-03
0.000286326    	-1.6907850e-03
0.000286702    	-1.6883892e-03
0.000287077    	-1.6859965e-03
0.000287453    	-1.6835995e-03
0.000287829    	-1.6811967e-03
0.000288204    	-1.6787891e-03
0.00028858     	-1.6763764e-03
0.000288956    	-1.6739623e-03
0.000289331    	-1.6715491e-03
0.000289707    	-1.6691390e-03
0.000290083    	-1.6667284e-03
0.000290458    	-1.6643176e-03
0.000290834    	-1.6619077e-03
0.00029121     	-1.6594901e-03
0.000291585    	-1.6570702e-03
0.000291961    	-1.6546499e-03
0.000292337    	-1.6522284e-03
0.000292712    	-1.6498053e-03
0.000293088    	-1.6473853e-03
0.000293464    	-1.6449677e-03
0.000293839    	-1.6425501e-03
0.000294215    	-1.6401308e-03
0.000294591    	-1.6377089e-03
0.000294966    	-1.6352845e-03
0.000295342    	-1.6328573e-03
0.000295718    	-1.6304287e-03
0.000296093    	-1.6279993e-03
0.000296469    	-1.6255701e-03
0.000296844    	-1.6231420e-03
0.00029722     	-1.6207148e-03
0.000297596    	-1.6182878e-03
0.000297971    	-1.6158615e-03
0.000298347    	-1.6134359e-03
0.000298723    	-1.6110114e-03
0.000299098    	-1.6085874e-03
0.000299474    	-1.6061636e-03
0.00029985     	-1.6037508e-03
0.000300225    	-1.6013369e-03
0.000300601    	-1.5989263e-03
0.000300977    	-1.5965200e-03
0.000301352    	-1.5941162e-03
0.000301728    	-1.5917046e-03
0.000302104    	-1.5893089e-03
0.000302479    	-1.5869117e-03
0.000302855    	-1.5845152e-03
0.000303231    	-1.5821241e-03
0.000303606    	-1.5797397e-03
0.000303982    	-1.5773607e-03
0.000304358    	-1.5749891e-03
0.000304733    	-1.5726252e-03
0.000305109    	-1.5702661e-03
0.000305485    	-1.5679101e-03
0.00030586     	-1.5655588e-03
0.000306236    	-1.5632119e-03
0.000306612    	-1.5608698e-03
0.000306987    	-1.5585340e-03
0.000307363    	-1.5562053e-03
0.000307739    	-1.5538769e-03
0.000308114    	-1.5515616e-03
0.00030849     	-1.5492534e-03
0.000308866    	-1.5469466e-03
0.000309241    	-1.5446461e-03
0.000309617    	-1.5423557e-03
0.000309992    	-1.5400750e-03
0.000310368    	-1.5378039e-03
0.000310744    	-1.5355421e-03
0.000311119    	-1.5332860e-03
0.000311495    	-1.5310331e-03
0.000311871    	-1.5287840e-03
0.000312246    	-1.5265442e-03
0.000312622    	-1.5243139e-03
0.000312998    	-1.5220934e-03
0.000313373    	-1.5198823e-03
0.000313749    	-1.5176768e-03
0.000314125    	-1.5154754e-03
0.0003145      	-1.5132794e-03
0.000314876    	-1.5110902e-03
0.000315252    	-1.5089108e-03
0.000315627    	-1.5067418e-03
0.000316003    	-1.5045807e-03
0.000316379    	-1.5024261e-03
0.000316754    	-1.5002767e-03
0.00031713     	-1.4981322e-03
0.000317506    	-1.4959943e-03
0.000317881    	-1.4938643e-03
0.000318257    	-1.4917436e-03
0.000318633    	-1.4896328e-03
0.000319008    	-1.4875296e-03
0.000319384    	-1.4854340e-03
0.00031976     	-1.4833447e-03
0.000320135    	-1.4812589e-03
0.000320511    	-1.4791766e-03
0.000320887    	-1.4770999e-03
0.000321262    	-1.4750306e-03
0.000321638    	-1.4729693e-03
0.000322014    	-1.4709163e-03
0.000322389    	-1.4688695e-03
0.000322765    	-1.4668273e-03
0.00032314     	-1.4647884e-03
0.000323516    	-1.4627541e-03
0.000323892    	-1.4607253e-03
0.000324267    	-1.4587030e-03
0.000324643    	-1.4566881e-03
0.000325019    	-1.4546807e-03
0.000325394    	-1.4526792e-03
0.00032577     	-1.4506818e-03
0.000326146    	-1.4486874e-03
0.000326521    	-1.4466968e-03
0.000326897    	-1.4447118e-03
0.000327273    	-1.4427326e-03
0.000327648    	-1.4407578e-03
0.000328024    	-1.4387886e-03
0.0003284      	-1.4368219e-03
0.000328775    	-1.4348553e-03
0.000329151    	-1.4328887e-03
0.000329527    	-1.4309221e-03
0.000329902    	-1.4289584e-03
0.000330278    	-1.4269983e-03
0.000330654    	-1.4250414e-03
0.000331029    	-1.4230873e-03
0.000331405    	-1.4211316e-03
0.000331781    	-1.4191740e-03
0.000332156    	-1.4172177e-03
0.000332532    	-1.4152646e-03
0.000332908    	-1.4133159e-03
0.000333283    	-1.4113718e-03
0.000333659    	-1.4094284e-03
0.000334035    	-1.4074840e-03
0.00033441     	-1.4055475e-03
0.000334786    	-1.4036057e-03
0.000335162    	-1.4016629e-03
0.000335537    	-1.3997229e-03
0.000335913    	-1.3977921e-03
0.000336289    	-1.3958526e-03
0.000336664    	-1.3939088e-03
0.00033704     	-1.3919741e-03
0.000337415    	-1.3900424e-03
0.000337791    	-1.3881126e-03
0.000338167    	-1.3861847e-03
0.000338542    	-1.3842491e-03
0.000338918    	-1.3823173e-03
0.000339294    	-1.3803960e-03
0.000339669    	-1.3784711e-03
0.000340045    	-1.3765424e-03
0.000340421    	-1.3746190e-03
0.000340796    	-1.3727027e-03
0.000341172    	-1.3707812e-03
0.000341548    	-1.3688590e-03
0.000341923    	-1.3669371e-03
0.000342299    	-1.3650154e-03
0.000342675    	-1.3631014e-03
0.00034305     	-1.3611904e-03
0.000343426    	-1.3592777e-03
0.000343802    	-1.3573709e-03
0.000344177    	-1.3554606e-03
0.000344553    	-1.3535564e-03
0.000344929    	-1.3516512e-03
0.000345304    	-1.3497446e-03
0.00034568     	-1.3478409e-03
0.000346056    	-1.3459403e-03
0.000346431    	-1.3440398e-03
0.000346807    	-1.3421402e-03
0.000347183    	-1.3402396e-03
0.000347558    	-1.3383386e-03
0.000347934    	-1.3364374e-03
0.00034831     	-1.3345355e-03
0.000348685    	-1.3326325e-03
0.000349061    	-1.3307279e-03
0.000349437    	-1.3288253e-03
0.000349812    	-1.3269192e-03
0.000350188    	-1.3250107e-03
0.000350563    	-1.3231033e-03
0.000350939    	-1.3212011e-03
0.000351315    	-1.3192972e-03
0.00035169     	-1.3173933e-03
0.000352066    	-1.3154904e-03
0.000352442    	-1.3135938e-03
0.000352817    	-1.3116941e-03
0.000353193    	-1.3097978e-03
0.000353569    	-1.3079002e-03
0.000353944    	-1.3060013e-03
0.00035432     	-1.3041043e-03
0.000354696    	-1.3022035e-03
0.000355071    	-1.3003071e-03
0.000355447    	-1.2984132e-03
0.000355823    	-1.2965181e-03
0.000356198    	-1.2946255e-03
0.000356574    	-1.2927341e-03
0.00035695     	-1.2908451e-03
0.000357325    	-1.2889582e-03
0.000357701    	-1.2870719e-03
0.000358077    	-1.2851846e-03
0.000358452    	-1.2832952e-03
0.000358828    	-1.2814029e-03
0.000359204    	-1.2795066e-03
0.000359579    	-1.2776089e-03
0.000359955    	-1.2757111e-03
0.000360331    	-1.2738134e-03
0.000360706    	-1.2719159e-03
0.000361082    	-1.2700198e-03
0.000361458    	-1.2681240e-03
0.000361833    	-1.2662266e-03
0.000362209    	-1.2643294e-03
0.000362585    	-1.2624326e-03
0.00036296     	-1.2605348e-03
0.000363336    	-1.2586358e-03
0.000363711    	-1.2567345e-03
0.000364087    	-1.2548311e-03
0.000364463    	-1.2529257e-03
0.000364838    	-1.2510181e-03
0.000365214    	-1.2491089e-03
0.00036559     	-1.2471984e-03
0.000365965    	-1.2452863e-03
0.000366341    	-1.2433723e-03
0.000366717    	-1.2414559e-03
0.000367092    	-1.2395351e-03
0.000367468    	-1.2376152e-03
0.000367844    	-1.2356876e-03
0.000368219    	-1.2337405e-03
0.000368595    	-1.2317896e-03
0.000368971    	-1.2298414e-03
0.000369346    	-1.2278925e-03
0.000369722    	-1.2259394e-03
0.000370098    	-1.2239809e-03
0.000370473    	-1.2220166e-03
0.000370849    	-1.2200463e-03
0.000371225    	-1.2180704e-03
0.0003716      	-1.2160896e-03
0.000371976    	-1.2141045e-03
0.000372352    	-1.2121145e-03
0.000372727    	-1.2101190e-03
0.000373103    	-1.2081184e-03
0.000373479    	-1.2061132e-03
0.000373854    	-1.2041045e-03
0.00037423     	-1.2020931e-03
0.000374606    	-1.2000792e-03
0.000374981    	-1.1980631e-03
0.000375357    	-1.1960450e-03
0.000375733    	-1.1940251e-03
0.000376108    	-1.1920038e-03
0.000376484    	-1.1899811e-03
0.00037686     	-1.1879571e-03
0.000377235    	-1.1859318e-03
0.000377611    	-1.1839053e-03
0.000377986    	-1.1818774e-03
0.000378362    	-1.1798481e-03
0.000378738    	-1.1778172e-03
0.000379113    	-1.1757855e-03
0.000379489    	-1.1737536e-03
0.000379865    	-1.1717215e-03
0.00038024     	-1.1696891e-03
0.000380616    	-1.1676564e-03
0.000380992    	-1.1656236e-03
0.000381367    	-1.1635898e-03
0.000381743    	-1.1615572e-03
0.000382119    	-1.1595254e-03
0.000382494    	-1.1574942e-03
0.00038287     	-1.1554640e-03
0.000383246    	-1.1534347e-03
0.000383621    	-1.1514067e-03
0.000383997    	-1.1493801e-03
0.000384373    	-1.1473554e-03
0.000384748    	-1.1453311e-03
0.000385124    	-1.1433088e-03
0.0003855      	-1.1412907e-03
0.000385875    	-1.1392752e-03
0.000386251    	-1.1372628e-03
0.000386627    	-1.1352544e-03
0.000387002    	-1.1332504e-03
0.000387378    	-1.1312515e-03
0.000387754    	-1.1292583e-03
0.000388129    	-1.1272716e-03
0.000388505    	-1.1252923e-03
0.000388881    	-1.1233208e-03
0.000389256    	-1.1213572e-03
0.000389632    	-1.1194013e-03
0.000390008    	-1.1174537e-03
0.000390383    	-1.1155146e-03
0.000390759    	-1.1135845e-03
0.000391134    	-1.1116638e-03
0.00039151     	-1.1097529e-03
0.000391886    	-1.1078520e-03
0.000392261    	-1.1059614e-03
0.000392637    	-1.1040815e-03
0.000393013    	-1.1022131e-03
0.000393388    	-1.1003572e-03
0.000393764    	-1.0985147e-03
0.00039414     	-1.0966867e-03
0.000394515    	-1.0948741e-03
0.000394891    	-1.0930779e-03
0.000395267    	-1.0912992e-03
0.000395642    	-1.0895388e-03
0.000396018    	-1.0877971e-03
0.000396394    	-1.0860749e-03
0.000396769    	-1.0843726e-03
0.000397145    	-1.0826908e-03
0.000397521    	-1.0810299e-03
0.000397896    	-1.0793816e-03
0.000398272    	-1.0777718e-03
0.000398648    	-1.0761673e-03
0.000399023    	-1.0745915e-03
0.000399399    	-1.0730479e-03
0.000399775    	-1.0715084e-03
0.00040015     	-1.0699980e-03
0.000400526    	-1.0685201e-03
0.000400901    	-1.0670472e-03
0.000401277    	-1.0655994e-03
0.000401652    	-1.0641784e-03
0.000402028    	-1.0627870e-03
0.000402403    	-1.0613937e-03
0.000402779    	-1.0600254e-03
0.000403154    	-1.0587039e-03
0.00040353     	-1.0573970e-03
0.000403905    	-1.0560799e-03
0.000404281    	-1.0548225e-03
0.000404656    	-1.0535960e-03
0.000405032    	-1.0523714e-03
0.000405407    	-1.0511633e-03
0.000405783    	-1.0500415e-03
0.000406158    	-1.0488906e-03
0.000406534    	-1.0477342e-03
0.00040691     	-1.0467298e-03
0.000407285    	-1.0456656e-03
0.000407661    	-1.0445587e-03
0.000408036    	-1.0435822e-03
0.000408412    	-1.0426646e-03
0.000408787    	-1.0417001e-03
0.000409163    	-1.0406933e-03
0.000409538    	-1.0398089e-03
0.000409914    	-1.0389860e-03
0.000410289    	-1.0381512e-03
0.000410665    	-1.0373425e-03
0.00041104     	-1.0365242e-03
0.000411416    	-1.0358116e-03
0.000411791    	-1.0351444e-03
0.000412167    	-1.0344303e-03
0.000412542    	-1.0338180e-03
0.000412918    	-1.0332537e-03
0.000413293    	-1.0325966e-03
0.000413669    	-1.0319933e-03
0.000414044    	-1.0315402e-03
0.00041442     	-1.0311226e-03
0.000414795    	-1.0306866e-03
0.000415171    	-1.0302486e-03
0.000415546    	-1.0299001e-03
0.000415922    	-1.0295536e-03
0.000416297    	-1.0291726e-03
0.000416673    	-1.0288412e-03
0.000417048    	-1.0286122e-03
0.000417424    	-1.0283709e-03
0.000417799    	-1.0280941e-03
0.000418175    	-1.0278390e-03
0.000418551    	-1.0276609e-03
0.000418926    	-1.0275128e-03
0.000419302    	-1.0273826e-03
0.000419677    	-1.0272561e-03
0.000420053    	-1.0271337e-03
0.000420428    	-1.0270255e-03
0.000420804    	-1.0269447e-03
0.000421179    	-1.0269021e-03
0.000421555    	-1.0268916e-03
0.00042193     	-1.0269062e-03
0.000422306    	-1.0269377e-03
0.000422681    	-1.0269812e-03
0.000423057    	-1.0270363e-03
0.000423432    	-1.0271060e-03
0.000423808    	-1.0271953e-03
0.000424183    	-1.0273066e-03
0.000424559    	-1.0274396e-03
0.000424934    	-1.0275913e-03
0.00042531     	-1.0277578e-03
0.000425685    	-1.0279367e-03
0.000426061    	-1.0281272e-03
0.000426436    	-1.0283310e-03
0.000426812    	-1.0285521e-03
0.000427187    	-1.0287930e-03
0.000427563    	-1.0290529e-03
0.000427938    	-1.0293288e-03
0.000428314    	-1.0296190e-03
0.000428689    	-1.0299239e-03
0.000429065    	-1.0302453e-03
0.00042944     	-1.0305840e-03
0.000429816    	-1.0309397e-03
0.000430192    	-1.0313126e-03
0.000430567    	-1.0317016e-03
0.000430943    	-1.0321073e-03
0.000431318    	-1.0325286e-03
0.000431694    	-1.0329642e-03
0.000432069    	-1.0334145e-03
0.000432445    	-1.0338818e-03
0.00043282     	-1.0343673e-03
0.000433196    	-1.0348668e-03
0.000433571    	-1.0353782e-03
0.000433947    	-1.0359025e-03
0.000434322    	-1.0364413e-03
0.000434698    	-1.0369946e-03
0.000435073    	-1.0375613e-03
0.000435449    	-1.0381435e-03
0.000435824    	-1.0387421e-03
0.0004362      	-1.0393540e-03
0.000436575    	-1.0399739e-03
0.000436951    	-1.0406019e-03
0.000437326    	-1.0412441e-03
0.000437702    	-1.0419061e-03
0.000438077    	-1.0425821e-03
0.000438453    	-1.0432657e-03
0.000438828    	-1.0439548e-03
0.000439204    	-1.0446511e-03
0.000439579    	-1.0453646e-03
0.000439955    	-1.0460978e-03
0.00044033     	-1.0468488e-03
0.000440706    	-1.0476093e-03
0.000441081    	-1.0483734e-03
0.000441457    	-1.0491447e-03
0.000441833    	-1.0499338e-03
0.000442208    	-1.0507409e-03
0.000442584    	-1.0515640e-03
0.000442959    	-1.0523940e-03
0.000443335    	-1.0532233e-03
0.00044371     	-1.0540530e-03
0.000444086    	-1.0548964e-03
0.000444461    	-1.0557613e-03
0.000444837    	-1.0566484e-03
0.000445212    	-1.0575478e-03
0.000445588    	-1.0584475e-03
0.000445963    	-1.0593435e-03
0.000446339    	-1.0602512e-03
0.000446714    	-1.0611825e-03
0.00044709     	-1.0621419e-03
0.000447465    	-1.0631205e-03
0.000447841    	-1.0640966e-03
0.000448216    	-1.0650633e-03
0.000448592    	-1.0660294e-03
0.000448967    	-1.0670151e-03
0.000449343    	-1.0680296e-03
0.000449718    	-1.0690726e-03
0.000450094    	-1.0701189e-03
0.000450469    	-1.0711551e-03
0.000450845    	-1.0721849e-03
0.00045122     	-1.0732335e-03
0.000451596    	-1.0743131e-03
0.000451971    	-1.0754276e-03
0.000452347    	-1.0765550e-03
0.000452722    	-1.0776725e-03
0.000453098    	-1.0787792e-03
0.000453474    	-1.0798961e-03
0.000453849    	-1.0810378e-03
0.000454225    	-1.0822076e-03
0.0004546      	-1.0833922e-03
0.000454976    	-1.0845701e-03
0.000455351    	-1.0857339e-03
0.000455727    	-1.0868961e-03
0.000456102    	-1.0880799e-03
0.000456478    	-1.0892997e-03
0.000456853    	-1.0905523e-03
0.000457229    	-1.0918157e-03
0.000457604    	-1.0930744e-03
0.00045798     	-1.0943268e-03
0.000458355    	-1.0955836e-03
0.000458731    	-1.0968555e-03
0.000459106    	-1.0981470e-03
0.000459482    	-1.0994468e-03
0.000459857    	-1.1007425e-03
0.000460233    	-1.1020337e-03
0.000460608    	-1.1033322e-03
0.000460984    	-1.1046519e-03
0.000461359    	-1.1059968e-03
0.000461735    	-1.1073617e-03
0.00046211     	-1.1087360e-03
0.000462486    	-1.1101134e-03
0.000462861    	-1.1114948e-03
0.000463237    	-1.1128816e-03
0.000463612    	-1.1142723e-03
0.000463988    	-1.1156678e-03
0.000464363    	-1.1170651e-03
0.000464739    	-1.1184645e-03
0.000465115    	-1.1198725e-03
0.00046549     	-1.1212937e-03
0.000465866    	-1.1227317e-03
0.000466241    	-1.1241902e-03
0.000466617    	-1.1256679e-03
0.000466992    	-1.1271593e-03
0.000467368    	-1.1286593e-03
0.000467743    	-1.1301658e-03
0.000468119    	-1.1316719e-03
0.000468494    	-1.1331713e-03
0.00046887     	-1.1346626e-03
0.000469245    	-1.1361533e-03
0.000469621    	-1.1376507e-03
0.000469996    	-1.1391597e-03
0.000470372    	-1.1406816e-03
0.000470747    	-1.1422176e-03
0.000471123    	-1.1437711e-03
0.000471498    	-1.1453396e-03
0.000471874    	-1.1469170e-03
0.000472249    	-1.1485011e-03
0.000472625    	-1.1500894e-03
0.000473       	-1.1516756e-03
0.000473376    	-1.1532557e-03
0.000473751    	-1.1548277e-03
0.000474127    	-1.1563985e-03
0.000474502    	-1.1579732e-03
0.000474878    	-1.1595572e-03
0.000475253    	-1.1611509e-03
0.000475629    	-1.1627542e-03
0.000476005    	-1.1643747e-03
0.00047638     	-1.1660125e-03
0.000476756    	-1.1676617e-03
0.000477131    	-1.1693228e-03
0.000477507    	-1.1709883e-03
0.000477882    	-1.1726514e-03
0.000478258    	-1.1743089e-03
0.000478633    	-1.1759600e-03
0.000479009    	-1.1776096e-03
0.000479384    	-1.1792672e-03
0.00047976     	-1.1809330e-03
0.000480135    	-1.1826088e-03
0.000480511    	-1.1842977e-03
0.000480886    	-1.1860026e-03
0.000481262    	-1.1877327e-03
0.000481637    	-1.1894782e-03
0.000482013    	-1.1912371e-03
0.000482388    	-1.1930030e-03
0.000482764    	-1.1947682e-03
0.000483139    	-1.1965286e-03
0.000483515    	-1.1982829e-03
0.00048389     	-1.2000330e-03
0.000484266    	-1.2017935e-03
0.000484641    	-1.2035694e-03
0.000485017    	-1.2053605e-03
0.000485392    	-1.2071649e-03
0.000485768    	-1.2089806e-03
0.000486143    	-1.2108103e-03
0.000486519    	-1.2126538e-03
0.000486894    	-1.2145057e-03
0.00048727     	-1.2163634e-03
0.000487646    	-1.2182266e-03
0.000488021    	-1.2200890e-03
0.000488397    	-1.2219501e-03
0.000488772    	-1.2238103e-03
0.000489148    	-1.2256718e-03
0.000489523    	-1.2275456e-03
0.000489899    	-1.2294301e-03
0.000490274    	-1.2313253e-03
0.00049065     	-1.2332273e-03
0.000491025    	-1.2351371e-03
0.000491401    	-1.2370565e-03
0.000491776    	-1.2389750e-03
0.000492152    	-1.2408953e-03
0.000492527    	-1.2428158e-03
0.000492903    	-1.2447355e-03
0.000493278    	-1.2466539e-03
0.000493654    	-1.2485695e-03
0.000494029    	-1.2504840e-03
0.000494405    	-1.2524048e-03
0.00049478     	-1.2543391e-03
0.000495156    	-1.2562800e-03
0.000495531    	-1.2582217e-03
0.000495907    	-1.2601697e-03
0.000496282    	-1.2621178e-03
0.000496658    	-1.2640577e-03
0.000497033    	-1.2659864e-03
0.000497409    	-1.2679093e-03
0.000497784    	-1.2698242e-03
0.00049816     	-1.2717333e-03
0.000498535    	-1.2736404e-03
0.000498911    	-1.2755487e-03
0.000499287    	-1.2774707e-03
0.000499662    	-1.2794071e-03
0.000500038    	-1.2813477e-03
0.000500413    	-1.2832964e-03
0.000500788    	-1.2852472e-03
0.000501164    	-1.2871917e-03
0.000501539    	-1.2891219e-03
0.000501914    	-1.2910346e-03
0.00050229     	-1.2929390e-03
0.000502665    	-1.2948329e-03
0.000503041    	-1.2967181e-03
0.000503416    	-1.2985986e-03
0.000503791    	-1.3004824e-03
0.000504167    	-1.3023801e-03
0.000504542    	-1.3042830e-03
0.000504917    	-1.3061969e-03
0.000505293    	-1.3081187e-03
0.000505668    	-1.3100402e-03
0.000506044    	-1.3119524e-03
0.000506419    	-1.3138465e-03
0.000506794    	-1.3157225e-03
0.00050717     	-1.3175928e-03
0.000507545    	-1.3194553e-03
0.00050792     	-1.3213101e-03
0.000508296    	-1.3231630e-03
0.000508671    	-1.3250213e-03
0.000509047    	-1.3268846e-03
0.000509422    	-1.3287524e-03
0.000509797    	-1.3306201e-03
0.000510173    	-1.3324822e-03
0.000510548    	-1.3343325e-03
0.000510923    	-1.3361710e-03
0.000511299    	-1.3379925e-03
0.000511674    	-1.3397937e-03
0.00051205     	-1.3415803e-03
0.000512425    	-1.3433665e-03
0.0005128      	-1.3451523e-03
0.000513176    	-1.3469438e-03
0.000513551    	-1.3487369e-03
0.000513926    	-1.3505317e-03
0.000514302    	-1.3523250e-03
0.000514677    	-1.3541100e-03
0.000515053    	-1.3558808e-03
0.000515428    	-1.3576309e-03
0.000515803    	-1.3593583e-03
0.000516179    	-1.3610668e-03
0.000516554    	-1.3627580e-03
0.000516929    	-1.3644378e-03
0.000517305    	-1.3661142e-03
0.00051768     	-1.3677937e-03
0.000518056    	-1.3694822e-03
0.000518431    	-1.3711809e-03
0.000518806    	-1.3728860e-03
0.000519182    	-1.3745912e-03
0.000519557    	-1.3762893e-03
0.000519932    	-1.3779732e-03
0.000520308    	-1.3796370e-03
0.000520683    	-1.3812750e-03
0.000521059    	-1.3828952e-03
0.000521434    	-1.3845024e-03
0.000521809    	-1.3861004e-03
0.000522185    	-1.3876938e-03
0.00052256     	-1.3892872e-03
0.000522935    	-1.3908841e-03
0.000523311    	-1.3924917e-03
0.000523686    	-1.3941089e-03
0.000524062    	-1.3957314e-03
0.000524437    	-1.3973541e-03
0.000524812    	-1.3989705e-03
0.000525188    	-1.4005743e-03
0.000525563    	-1.4021598e-03
0.000525938    	-1.4037219e-03
0.000526314    	-1.4052716e-03
0.000526689    	-1.4068137e-03
0.000527065    	-1.4083552e-03
0.00052744     	-1.4098983e-03
0.000527815    	-1.4114446e-03
0.000528191    	-1.4129962e-03
0.000528566    	-1.4145590e-03
0.000528941    	-1.4161282e-03
0.000529317    	-1.4177005e-03
0.000529692    	-1.4192713e-03
0.000530068    	-1.4208351e-03
0.000530443    	-1.4223866e-03
0.000530818    	-1.4239233e-03
0.000531194    	-1.4254434e-03
0.000531569    	-1.4269584e-03
0.000531944    	-1.4284740e-03
0.00053232     	-1.4299918e-03
0.000532695    	-1.4315161e-03
0.000533071    	-1.4330509e-03
0.000533446    	-1.4346028e-03
0.000533821    	-1.4361749e-03
0.000534197    	-1.4377589e-03
0.000534572    	-1.4393533e-03
0.000534947    	-1.4409546e-03
0.000535323    	-1.4425566e-03
0.000535698    	-1.4441597e-03
0.000536074    	-1.4457558e-03
0.000536449    	-1.4473435e-03
0.000536824    	-1.4489380e-03
0.0005372      	-1.4505384e-03
0.000537575    	-1.4521474e-03
0.00053795     	-1.4537686e-03
0.000538326    	-1.4554021e-03
0.000538701    	-1.4570590e-03
0.000539077    	-1.4587336e-03
0.000539452    	-1.4604186e-03
0.000539827    	-1.4621105e-03
0.000540203    	-1.4638069e-03
0.000540578    	-1.4655038e-03
0.000540953    	-1.4671957e-03
0.000541329    	-1.4688715e-03
0.000541704    	-1.4705313e-03
0.00054208     	-1.4721974e-03
0.000542455    	-1.4738746e-03
0.00054283     	-1.4755632e-03
0.000543206    	-1.4772545e-03
0.000543581    	-1.4789502e-03
0.000543956    	-1.4806545e-03
0.000544332    	-1.4823704e-03
0.000544707    	-1.4840869e-03
0.000545083    	-1.4857894e-03
0.000545458    	-1.4874643e-03
0.000545833    	-1.4891118e-03
0.000546209    	-1.4907462e-03
0.000546584    	-1.4923626e-03
0.000546959    	-1.4939597e-03
0.000547335    	-1.4955378e-03
0.00054771     	-1.4971059e-03
0.000548086    	-1.4986815e-03
0.000548461    	-1.5002729e-03
0.000548836    	-1.5018760e-03
0.000549212    	-1.5034708e-03
0.000549587    	-1.5050526e-03
0.000549962    	-1.5066263e-03
0.000550338    	-1.5082018e-03
0.000550713    	-1.5097676e-03
0.000551089    	-1.5113087e-03
0.000551464    	-1.5128156e-03
0.000551839    	-1.5142988e-03
0.000552215    	-1.5157808e-03
0.00055259     	-1.5172766e-03
0.000552965    	-1.5187790e-03
0.000553341    	-1.5202748e-03
0.000553716    	-1.5217666e-03
0.000554092    	-1.5232642e-03
0.000554467    	-1.5247822e-03
0.000554842    	-1.5263145e-03
0.000555218    	-1.5278378e-03
0.000555593    	-1.5293312e-03
0.000555968    	-1.5307971e-03
0.000556344    	-1.5322533e-03
0.000556719    	-1.5337230e-03
0.000557095    	-1.5352042e-03
0.00055747     	-1.5366804e-03
0.000557845    	-1.5381456e-03
0.000558221    	-1.5396137e-03
0.000558596    	-1.5411106e-03
0.000558971    	-1.5426539e-03
0.000559347    	-1.5442300e-03
0.000559722    	-1.5458109e-03
0.000560098    	-1.5473771e-03
0.000560473    	-1.5489299e-03
0.000560848    	-1.5504879e-03
0.000561224    	-1.5520677e-03
0.000561599    	-1.5536627e-03
0.000561974    	-1.5552517e-03
0.00056235     	-1.5568232e-03
0.000562725    	-1.5583858e-03
0.000563101    	-1.5599655e-03
0.000563476    	-1.5615855e-03
0.000563851    	-1.5632441e-03
0.000564227    	-1.5649194e-03
0.000564602    	-1.5665905e-03
0.000564977    	-1.5682536e-03
0.000565353    	-1.5699189e-03
0.000565728    	-1.5715988e-03
0.000566104    	-1.5732929e-03
0.000566479    	-1.5749882e-03
0.000566854    	-1.5766711e-03
0.00056723     	-1.5783399e-03
0.000567605    	-1.5800060e-03
0.00056798     	-1.5816851e-03
0.000568356    	-1.5833866e-03
0.000568731    	-1.5851067e-03
0.000569107    	-1.5868337e-03
0.000569482    	-1.5885590e-03
0.000569857    	-1.5902816e-03
0.000570233    	-1.5920061e-03
0.000570608    	-1.5937342e-03
0.000570983    	-1.5954613e-03
0.000571359    	-1.5971782e-03
0.000571734    	-1.5988779e-03
0.00057211     	-1.6005601e-03
0.000572485    	-1.6022302e-03
0.00057286     	-1.6038951e-03
0.000573236    	-1.6055592e-03
0.000573611    	-1.6072197e-03
0.000573986    	-1.6088737e-03
0.000574362    	-1.6105220e-03
0.000574737    	-1.6121620e-03
0.000575113    	-1.6137998e-03
0.000575488    	-1.6154356e-03
0.000575863    	-1.6170670e-03
0.000576239    	-1.6186951e-03
0.000576614    	-1.6203160e-03
0.000576989    	-1.6219292e-03
0.000577365    	-1.6235406e-03
0.00057774     	-1.6251499e-03
0.000578116    	-1.6267592e-03
0.000578491    	-1.6283739e-03
0.000578866    	-1.6299896e-03
0.000579242    	-1.6316080e-03
0.000579617    	-1.6332313e-03
0.000579992    	-1.6348579e-03
0.000580368    	-1.6364872e-03
0.000580743    	-1.6381228e-03
0.000581119    	-1.6397621e-03
0.000581494    	-1.6414029e-03
0.000581869    	-1.6430449e-03
0.000582245    	-1.6446889e-03
0.00058262     	-1.6463372e-03
0.000582995    	-1.6479919e-03
0.000583371    	-1.6496514e-03
0.000583746    	-1.6513159e-03
0.000584122    	-1.6529908e-03
0.000584497    	-1.6546741e-03
0.000584872    	-1.6563655e-03
0.000585248    	-1.6580652e-03
0.000585623    	-1.6597766e-03
0.000585998    	-1.6614986e-03
0.000586374    	-1.6632270e-03
0.000586749    	-1.6649689e-03
0.000587125    	-1.6667203e-03
0.0005875      	-1.6684781e-03
0.000587875    	-1.6702441e-03
0.000588251    	-1.6720249e-03
0.000588626    	-1.6738162e-03
0.000589002    	-1.6756161e-03
0.000589377    	-1.6774238e-03
0.000589752    	-1.6792467e-03
0.000590128    	-1.6810789e-03
0.000590503    	-1.6829189e-03
0.000590878    	-1.6847647e-03
0.000591254    	-1.6866216e-03
0.000591629    	-1.6884771e-03
0.000592005    	-1.6903351e-03
0.00059238     	-1.6922000e-03
0.000592755    	-1.6940622e-03
0.000593131    	-1.6959234e-03
0.000593506    	-1.6977897e-03
0.000593881    	-1.6996571e-03
0.000594257    	-1.7015210e-03
0.000594632    	-1.7033913e-03
0.000595008    	-1.7052643e-03
0.000595383    	-1.7071362e-03
0.000595758    	-1.7090048e-03
0.000596134    	-1.7108746e-03
0.000596509    	-1.7127389e-03
0.000596884    	-1.7145932e-03
0.00059726     	-1.7164490e-03
0.000597635    	-1.7182960e-03
0.000598011    	-1.7201320e-03
0.000598386    	-1.7219646e-03
0.000598761    	-1.7237872e-03
0.000599137    	-1.7255985e-03
0.000599512    	-1.7273992e-03
0.000599887    	-1.7291856e-03
0.000600263    	-1.7309528e-03
0.000600638    	-1.7327043e-03
0.000601014    	-1.7344368e-03
0.000601389    	-1.7361503e-03
0.000601764    	-1.7378485e-03
0.00060214     	-1.7395137e-03
0.000602515    	-1.7411463e-03
0.00060289     	-1.7427455e-03
0.000603266    	-1.7443092e-03
0.000603641    	-1.7458562e-03
0.000604017    	-1.7474007e-03
0.000604392    	-1.7489272e-03
0.000604767    	-1.7504456e-03
0.000605143    	-1.7519457e-03
0.000605518    	-1.7534209e-03
0.000605893    	-1.7548784e-03
0.000606269    	-1.7563090e-03
0.000606644    	-1.7577341e-03
0.00060702     	-1.7591419e-03
0.000607395    	-1.7605158e-03
0.00060777     	-1.7618948e-03
0.000608146    	-1.7632652e-03
0.000608521    	-1.7646348e-03
0.000608896    	-1.7659890e-03
0.000609272    	-1.7673353e-03
0.000609647    	-1.7686510e-03
0.000610023    	-1.7699264e-03
0.000610398    	-1.7712123e-03
0.000610773    	-1.7724956e-03
0.000611149    	-1.7737726e-03
0.000611524    	-1.7750611e-03
0.000611899    	-1.7763287e-03
0.000612275    	-1.7775661e-03
0.00061265     	-1.7787836e-03
0.000613026    	-1.7799991e-03
0.000613401    	-1.7812206e-03
0.000613776    	-1.7824489e-03
0.000614152    	-1.7836829e-03
0.000614527    	-1.7849070e-03
0.000614902    	-1.7861051e-03
0.000615278    	-1.7872820e-03
0.000615653    	-1.7884607e-03
0.000616029    	-1.7896567e-03
0.000616404    	-1.7908559e-03
0.000616779    	-1.7920569e-03
0.000617155    	-1.7932486e-03
0.00061753     	-1.7943944e-03
0.000617905    	-1.7955318e-03
0.000618281    	-1.7966767e-03
0.000618656    	-1.7978125e-03
0.000619032    	-1.7989587e-03
0.000619407    	-1.8000747e-03
0.000619782    	-1.8011560e-03
0.000620158    	-1.8022004e-03
0.000620533    	-1.8032349e-03
0.000620908    	-1.8042681e-03
0.000621284    	-1.8052964e-03
0.000621659    	-1.8063031e-03
0.000622035    	-1.8072707e-03
0.00062241     	-1.8081879e-03
0.000622785    	-1.8090961e-03
0.000623161    	-1.8100045e-03
0.000623536    	-1.8109044e-03
0.000623911    	-1.8117919e-03
0.000624287    	-1.8126280e-03
0.000624662    	-1.8134259e-03
0.000625038    	-1.8142213e-03
0.000625413    	-1.8150086e-03
0.000625788    	-1.8158140e-03
0.000626164    	-1.8165835e-03
0.000626539    	-1.8173164e-03
0.000626914    	-1.8180102e-03
0.00062729     	-1.8187031e-03
0.000627665    	-1.8194084e-03
0.000628041    	-1.8201093e-03
0.000628416    	-1.8207832e-03
0.000628791    	-1.8214046e-03
0.000629167    	-1.8220061e-03
0.000629542    	-1.8226066e-03
0.000629917    	-1.8232240e-03
0.000630293    	-1.8238331e-03
0.000630668    	-1.8244001e-03
0.000631044    	-1.8249316e-03
0.000631419    	-1.8254508e-03
0.000631794    	-1.8259902e-03
0.00063217     	-1.8265393e-03
0.000632545    	-1.8270783e-03
0.00063292     	-1.8275717e-03
0.000633296    	-1.8280413e-03
0.000633671    	-1.8285191e-03
0.000634047    	-1.8290156e-03
0.000634422    	-1.8295262e-03
0.000634797    	-1.8299998e-03
0.000635173    	-1.8304398e-03
0.000635548    	-1.8308684e-03
0.000635923    	-1.8313134e-03
0.000636299    	-1.8317791e-03
0.000636674    	-1.8322360e-03
0.00063705     	-1.8326505e-03
0.000637425    	-1.8330370e-03
0.0006378      	-1.8334231e-03
0.000638176    	-1.8338285e-03
0.000638551    	-1.8342459e-03
0.000638926    	-1.8346287e-03
0.000639302    	-1.8349711e-03
0.000639677    	-1.8352936e-03
0.000640053    	-1.8356299e-03
0.000640428    	-1.8359768e-03
0.000640803    	-1.8363268e-03
0.000641179    	-1.8366333e-03
0.000641554    	-1.8369090e-03
0.000641929    	-1.8371711e-03
0.000642305    	-1.8374505e-03
0.00064268     	-1.8377447e-03
0.000643056    	-1.8380222e-03
0.000643431    	-1.8382576e-03
0.000643806    	-1.8384718e-03
0.000644182    	-1.8386810e-03
0.000644557    	-1.8389162e-03
0.000644932    	-1.8391566e-03
0.000645308    	-1.8393523e-03
0.000645683    	-1.8395236e-03
0.000646059    	-1.8396992e-03
0.000646434    	-1.8398876e-03
0.000646809    	-1.8400726e-03
0.000647185    	-1.8402359e-03
0.00064756     	-1.8403820e-03
0.000647935    	-1.8405276e-03
0.000648311    	-1.8406789e-03
0.000648686    	-1.8408220e-03
0.000649062    	-1.8409530e-03
0.000649437    	-1.8410777e-03
0.000649812    	-1.8412005e-03
0.000650188    	-1.8413219e-03
0.000650563    	-1.8414330e-03
0.000650938    	-1.8415318e-03
0.000651314    	-1.8416274e-03
0.000651689    	-1.8417198e-03
0.000652065    	-1.8418031e-03
0.00065244     	-1.8418853e-03
0.000652815    	-1.8419595e-03
0.000653191    	-1.8420224e-03
0.000653566    	-1.8420802e-03
0.000653941    	-1.8421264e-03
0.000654317    	-1.8421633e-03
0.000654692    	-1.8421892e-03
0.000655068    	-1.8422021e-03
0.000655443    	-1.8422067e-03
0.000655818    	-1.8421999e-03
0.000656194    	-1.8421786e-03
0.000656569    	-1.8421438e-03
0.000656944    	-1.8420944e-03
0.00065732     	-1.8420256e-03
0.000657695    	-1.8419436e-03
0.000658071    	-1.8418532e-03
0.000658446    	-1.8417524e-03
0.000658821    	-1.8416471e-03
0.000659197    	-1.8415340e-03
0.000659572    	-1.8414120e-03
0.000659947    	-1.8412845e-03
0.000660323    	-1.8411435e-03
0.000660698    	-1.8409938e-03
0.000661074    	-1.8408316e-03
0.000661449    	-1.8406623e-03
0.000661824    	-1.8404874e-03
0.0006622      	-1.8403164e-03
0.000662575    	-1.8401417e-03
0.00066295     	-1.8399584e-03
0.000663326    	-1.8397630e-03
0.000663701    	-1.8395442e-03
0.000664077    	-1.8393039e-03
0.000664452    	-1.8390490e-03
0.000664827    	-1.8387844e-03
0.000665203    	-1.8385106e-03
0.000665578    	-1.8382330e-03
0.000665953    	-1.8379541e-03
0.000666329    	-1.8376658e-03
0.000666704    	-1.8373722e-03
0.00066708     	-1.8370731e-03
0.000667455    	-1.8367636e-03
0.00066783     	-1.8364464e-03
0.000668206    	-1.8361276e-03
0.000668581    	-1.8358092e-03
0.000668956    	-1.8354849e-03
0.000669332    	-1.8351636e-03
0.000669707    	-1.8348396e-03
0.000670083    	-1.8345221e-03
0.000670458    	-1.8342130e-03
0.000670833    	-1.8339117e-03
0.000671209    	-1.8336161e-03
0.000671584    	-1.8333195e-03
0.000671959    	-1.8330008e-03
0.000672335    	-1.8326663e-03
0.00067271     	-1.8323229e-03
0.000673086    	-1.8319840e-03
0.000673461    	-1.8316615e-03
0.000673836    	-1.8313568e-03
0.000674212    	-1.8310490e-03
0.000674587    	-1.8307314e-03
0.000674962    	-1.8303871e-03
0.000675338    	-1.8300090e-03
0.000675713    	-1.8296173e-03
0.000676089    	-1.8292102e-03
0.000676464    	-1.8288057e-03
0.000676839    	-1.8284160e-03
0.000677215    	-1.8280317e-03
0.00067759     	-1.8276443e-03
0.000677965    	-1.8272492e-03
0.000678341    	-1.8268308e-03
0.000678716    	-1.8263811e-03
0.000679092    	-1.8259130e-03
0.000679467    	-1.8254281e-03
0.000679842    	-1.8249339e-03
0.000680218    	-1.8244452e-03
0.000680593    	-1.8239718e-03
0.000680968    	-1.8234950e-03
0.000681344    	-1.8230121e-03
0.000681719    	-1.8225214e-03
0.000682095    	-1.8220119e-03
0.00068247     	-1.8214844e-03
0.000682845    	-1.8209510e-03
0.000683221    	-1.8204070e-03
0.000683596    	-1.8198503e-03
0.000683971    	-1.8192911e-03
0.000684347    	-1.8187321e-03
0.000684722    	-1.8181650e-03
0.000685098    	-1.8175919e-03
0.000685473    	-1.8170127e-03
0.000685848    	-1.8164206e-03
0.000686224    	-1.8158242e-03
0.000686599    	-1.8152188e-03
0.000686974    	-1.8146064e-03
0.00068735     	-1.8139860e-03
0.000687725    	-1.8133621e-03
0.000688101    	-1.8127377e-03
0.000688476    	-1.8121177e-03
0.000688851    	-1.8114962e-03
0.000689227    	-1.8108775e-03
0.000689602    	-1.8102658e-03
0.000689977    	-1.8096583e-03
0.000690353    	-1.8090511e-03
0.000690728    	-1.8084423e-03
0.000691104    	-1.8078230e-03
0.000691479    	-1.8071909e-03
0.000691854    	-1.8065542e-03
0.00069223     	-1.8059152e-03
0.000692605    	-1.8052729e-03
0.00069298     	-1.8046348e-03
0.000693356    	-1.8040093e-03
0.000693731    	-1.8033892e-03
0.000694107    	-1.8027661e-03
0.000694482    	-1.8021332e-03
0.000694857    	-1.8014783e-03
0.000695233    	-1.8007988e-03
0.000695608    	-1.8000964e-03
0.000695983    	-1.7993799e-03
0.000696359    	-1.7986555e-03
0.000696734    	-1.7979260e-03
0.00069711     	-1.7972018e-03
0.000697485    	-1.7964817e-03
0.00069786     	-1.7957456e-03
0.000698236    	-1.7949885e-03
0.000698611    	-1.7942071e-03
0.000698986    	-1.7934041e-03
0.000699362    	-1.7925745e-03
0.000699737    	-1.7917281e-03
0.000700113    	-1.7908744e-03
0.000700488    	-1.7900367e-03
0.000700864    	-1.7892166e-03
0.000701239    	-1.7883950e-03
0.000701615    	-1.7875691e-03
0.00070199     	-1.7867316e-03
0.000702366    	-1.7858786e-03
0.000702741    	-1.7850107e-03
0.000703117    	-1.7841411e-03
0.000703492    	-1.7832791e-03
0.000703868    	-1.7824265e-03
0.000704243    	-1.7815799e-03
0.000704619    	-1.7807473e-03
0.000704994    	-1.7799210e-03
0.00070537     	-1.7790946e-03
0.000705745    	-1.7782628e-03
0.000706121    	-1.7774246e-03
0.000706496    	-1.7765817e-03
0.000706872    	-1.7757434e-03
0.000707247    	-1.7749095e-03
0.000707623    	-1.7740845e-03
0.000707998    	-1.7732751e-03
0.000708374    	-1.7724743e-03
0.00070875     	-1.7716774e-03
0.000709125    	-1.7708817e-03
0.000709501    	-1.7700823e-03
0.000709876    	-1.7692805e-03
0.000710252    	-1.7684810e-03
0.000710627    	-1.7676834e-03
0.000711003    	-1.7668948e-03
0.000711378    	-1.7661184e-03
0.000711754    	-1.7653522e-03
0.000712129    	-1.7645935e-03
0.000712505    	-1.7638423e-03
0.00071288     	-1.7630973e-03
0.000713256    	-1.7623589e-03
0.000713631    	-1.7616243e-03
0.000714007    	-1.7608946e-03
0.000714382    	-1.7601686e-03
0.000714758    	-1.7594409e-03
0.000715133    	-1.7587187e-03
0.000715509    	-1.7580029e-03
0.000715884    	-1.7572955e-03
0.00071626     	-1.7565999e-03
0.000716635    	-1.7559167e-03
0.000717011    	-1.7552402e-03
0.000717386    	-1.7545696e-03
0.000717762    	-1.7539001e-03
0.000718137    	-1.7532244e-03
0.000718513    	-1.7525367e-03
0.000718888    	-1.7518406e-03
0.000719264    	-1.7511430e-03
0.00071964     	-1.7504468e-03
0.000720015    	-1.7497582e-03
0.000720391    	-1.7490765e-03
0.000720766    	-1.7483971e-03
0.000721142    	-1.7477108e-03
0.000721517    	-1.7470102e-03
0.000721893    	-1.7462906e-03
0.000722268    	-1.7455512e-03
0.000722644    	-1.7448005e-03
0.000723019    	-1.7440481e-03
0.000723395    	-1.7432988e-03
0.00072377     	-1.7425564e-03
0.000724146    	-1.7418236e-03
0.000724521    	-1.7410920e-03
0.000724897    	-1.7403532e-03
0.000725272    	-1.7396012e-03
0.000725648    	-1.7388356e-03
0.000726023    	-1.7380618e-03
0.000726399    	-1.7372867e-03
0.000726774    	-1.7365210e-03
0.00072715     	-1.7357689e-03
0.000727525    	-1.7350296e-03
0.000727901    	-1.7343024e-03
0.000728276    	-1.7335813e-03
0.000728652    	-1.7328600e-03
0.000729027    	-1.7321343e-03
0.000729403    	-1.7314045e-03
0.000729778    	-1.7306706e-03
0.000730154    	-1.7299341e-03
0.000730529    	-1.7291992e-03
0.000730905    	-1.7284725e-03
0.000731281    	-1.7277532e-03
0.000731656    	-1.7270394e-03
0.000732032    	-1.7263316e-03
0.000732407    	-1.7256255e-03
0.000732783    	-1.7249186e-03
0.000733158    	-1.7242105e-03
0.000733534    	-1.7235015e-03
0.000733909    	-1.7227924e-03
0.000734285    	-1.7220829e-03
0.00073466     	-1.7213773e-03
0.000735036    	-1.7206791e-03
0.000735411    	-1.7199881e-03
0.000735787    	-1.7193063e-03
0.000736162    	-1.7186367e-03
0.000736538    	-1.7179774e-03
0.000736913    	-1.7173258e-03
0.000737289    	-1.7166809e-03
0.000737664    	-1.7160410e-03
0.00073804     	-1.7154047e-03
0.000738415    	-1.7147707e-03
0.000738791    	-1.7141431e-03
0.000739166    	-1.7135223e-03
0.000739542    	-1.7129080e-03
0.000739917    	-1.7123037e-03
0.000740293    	-1.7117078e-03
0.000740668    	-1.7111161e-03
0.000741044    	-1.7105258e-03
0.000741419    	-1.7099348e-03
0.000741795    	-1.7093414e-03
0.00074217     	-1.7087444e-03
0.000742546    	-1.7081422e-03
0.000742922    	-1.7075379e-03
0.000743297    	-1.7069309e-03
0.000743673    	-1.7063199e-03
0.000744048    	-1.7057104e-03
0.000744424    	-1.7051021e-03
0.000744799    	-1.7044916e-03
0.000745175    	-1.7038761e-03
0.00074555     	-1.7032547e-03
0.000745926    	-1.7026259e-03
0.000746301    	-1.7019889e-03
0.000746677    	-1.7013447e-03
0.000747052    	-1.7007011e-03
0.000747428    	-1.7000632e-03
0.000747803    	-1.6994273e-03
0.000748179    	-1.6987911e-03
0.000748554    	-1.6981548e-03
0.00074893     	-1.6975203e-03
0.000749305    	-1.6968870e-03
0.000749681    	-1.6962522e-03
0.000750056    	-1.6956141e-03
0.000750432    	-1.6949722e-03
0.000750807    	-1.6943259e-03
0.000751183    	-1.6936785e-03
0.000751558    	-1.6930301e-03
0.000751934    	-1.6923816e-03
0.000752309    	-1.6917372e-03
0.000752685    	-1.6910961e-03
0.00075306     	-1.6904569e-03
0.000753436    	-1.6898186e-03
0.000753811    	-1.6891800e-03
0.000754187    	-1.6885392e-03
0.000754563    	-1.6878958e-03
0.000754938    	-1.6872500e-03
0.000755314    	-1.6866043e-03
0.000755689    	-1.6859612e-03
0.000756065    	-1.6853223e-03
0.00075644     	-1.6846926e-03
0.000756816    	-1.6840722e-03
0.000757191    	-1.6834601e-03
0.000757567    	-1.6828545e-03
0.000757942    	-1.6822541e-03
0.000758318    	-1.6816564e-03
0.000758693    	-1.6810600e-03
0.000759069    	-1.6804644e-03
0.000759444    	-1.6798689e-03
0.00075982     	-1.6792748e-03
0.000760195    	-1.6786827e-03
0.000760571    	-1.6780951e-03
0.000760946    	-1.6775125e-03
0.000761322    	-1.6769330e-03
0.000761697    	-1.6763538e-03
0.000762073    	-1.6757733e-03
0.000762448    	-1.6751895e-03
0.000762824    	-1.6746016e-03
0.000763199    	-1.6740096e-03
0.000763575    	-1.6734136e-03
0.00076395     	-1.6728133e-03
0.000764326    	-1.6722096e-03
0.000764701    	-1.6716047e-03
0.000765077    	-1.6710012e-03
0.000765452    	-1.6703995e-03
0.000765828    	-1.6697991e-03
0.000766204    	-1.6691991e-03
0.000766579    	-1.6685986e-03
0.000766955    	-1.6679966e-03
0.00076733     	-1.6673928e-03
0.000767706    	-1.6667870e-03
0.000768081    	-1.6661783e-03
0.000768457    	-1.6655664e-03
0.000768832    	-1.6649516e-03
0.000769208    	-1.6643347e-03
0.000769583    	-1.6637157e-03
0.000769959    	-1.6630937e-03
0.000770334    	-1.6624666e-03
0.00077071     	-1.6618318e-03
0.000771085    	-1.6611881e-03
0.000771461    	-1.6605344e-03
0.000771836    	-1.6598703e-03
0.000772212    	-1.6591961e-03
0.000772587    	-1.6585119e-03
0.000772963    	-1.6578183e-03
0.000773338    	-1.6571166e-03
0.000773714    	-1.6564082e-03
0.000774089    	-1.6556948e-03
0.000774465    	-1.6549776e-03
0.00077484     	-1.6542572e-03
0.000775216    	-1.6535332e-03
0.000775591    	-1.6528054e-03
0.000775967    	-1.6520737e-03
0.000776342    	-1.6513379e-03
0.000776718    	-1.6505992e-03
0.000777094    	-1.6498585e-03
0.000777469    	-1.6491168e-03
0.000777845    	-1.6483755e-03
0.00077822     	-1.6476361e-03
0.000778596    	-1.6468988e-03
0.000778971    	-1.6461635e-03
0.000779347    	-1.6454293e-03
0.000779722    	-1.6446952e-03
0.000780098    	-1.6439581e-03
0.000780473    	-1.6432159e-03
0.000780849    	-1.6424670e-03
0.000781224    	-1.6417101e-03
0.0007816      	-1.6409447e-03
0.000781975    	-1.6401709e-03
0.000782351    	-1.6393891e-03
0.000782726    	-1.6386000e-03
0.000783102    	-1.6378039e-03
0.000783477    	-1.6370006e-03
0.000783853    	-1.6361900e-03
0.000784228    	-1.6353717e-03
0.000784604    	-1.6345465e-03
0.000784979    	-1.6337153e-03
0.000785355    	-1.6328790e-03
0.00078573     	-1.6320392e-03
0.000786106    	-1.6311965e-03
0.000786481    	-1.6303515e-03
0.000786857    	-1.6295049e-03
0.000787232    	-1.6286576e-03
0.000787608    	-1.6278104e-03
0.000787983    	-1.6269640e-03
0.000788359    	-1.6261182e-03
0.000788735    	-1.6252721e-03
0.00078911     	-1.6244254e-03
0.000789486    	-1.6235770e-03
0.000789861    	-1.6227264e-03
0.000790237    	-1.6218732e-03
0.000790612    	-1.6210178e-03
0.000790988    	-1.6201610e-03
0.000791363    	-1.6193039e-03
0.000791739    	-1.6184471e-03
0.000792114    	-1.6175910e-03
0.00079249     	-1.6167354e-03
0.000792865    	-1.6158788e-03
0.000793241    	-1.6150189e-03
0.000793616    	-1.6141541e-03
0.000793992    	-1.6132831e-03
0.000794367    	-1.6124059e-03
0.000794743    	-1.6115236e-03
0.000795118    	-1.6106382e-03
0.000795494    	-1.6097517e-03
0.000795869    	-1.6088654e-03
0.000796245    	-1.6079801e-03
0.00079662     	-1.6070963e-03
0.000796996    	-1.6062131e-03
0.000797371    	-1.6053292e-03
0.000797747    	-1.6044467e-03
0.000798122    	-1.6035647e-03
0.000798498    	-1.6026833e-03
0.000798873    	-1.6018040e-03
0.000799249    	-1.6009260e-03
0.000799624    	-1.6000512e-03
0.0008         	-1.5991822e-03
0.000800376    	-1.5983197e-03
0.000800751    	-1.5974656e-03
0.000801127    	-1.5966197e-03
0.000801502    	-1.5957795e-03
0.000801878    	-1.5949442e-03
0.000802253    	-1.5941144e-03
0.000802629    	-1.5932892e-03
0.000803004    	-1.5924699e-03
0.00080338     	-1.5916559e-03
0.000803755    	-1.5908455e-03
0.000804131    	-1.5900382e-03
0.000804506    	-1.5892345e-03
0.000804882    	-1.5884336e-03
0.000805257    	-1.5876359e-03
0.000805633    	-1.5868397e-03
0.000806008    	-1.5860410e-03
0.000806384    	-1.5852384e-03
0.000806759    	-1.5844312e-03
0.000807135    	-1.5836197e-03
0.00080751     	-1.5828057e-03
0.000807886    	-1.5819902e-03
0.000808261    	-1.5811738e-03
0.000808637    	-1.5803579e-03
0.000809012    	-1.5795449e-03
0.000809388    	-1.5787376e-03
0.000809763    	-1.5779387e-03
0.000810139    	-1.5771479e-03
0.000810514    	-1.5763641e-03
0.00081089     	-1.5755878e-03
0.000811265    	-1.5748191e-03
0.000811641    	-1.5740589e-03
0.000812017    	-1.5733099e-03
0.000812392    	-1.5725729e-03
0.000812768    	-1.5718479e-03
0.000813143    	-1.5711348e-03
0.000813519    	-1.5704339e-03
0.000813894    	-1.5697455e-03
0.00081427     	-1.5690701e-03
0.000814645    	-1.5684075e-03
0.000815021    	-1.5677554e-03
0.000815396    	-1.5671070e-03
0.000815772    	-1.5664585e-03
0.000816147    	-1.5658113e-03
0.000816523    	-1.5651686e-03
0.000816898    	-1.5645357e-03
0.000817274    	-1.5639085e-03
0.000817649    	-1.5632832e-03
0.000818025    	-1.5626619e-03
0.0008184      	-1.5620459e-03
0.000818776    	-1.5614337e-03
0.000819151    	-1.5608244e-03
0.000819527    	-1.5602184e-03
0.000819902    	-1.5596168e-03
0.000820278    	-1.5590216e-03
0.000820653    	-1.5584343e-03
0.000821029    	-1.5578559e-03
0.000821404    	-1.5572868e-03
0.00082178     	-1.5567282e-03
0.000822155    	-1.5561812e-03
0.000822531    	-1.5556470e-03
0.000822906    	-1.5551257e-03
0.000823282    	-1.5546162e-03
0.000823658    	-1.5541171e-03
0.000824033    	-1.5536272e-03
0.000824409    	-1.5531465e-03
0.000824784    	-1.5526756e-03
0.00082516     	-1.5522134e-03
0.000825535    	-1.5517588e-03
0.000825911    	-1.5513114e-03
0.000826286    	-1.5508717e-03
0.000826662    	-1.5504399e-03
0.000827037    	-1.5500157e-03
0.000827413    	-1.5495983e-03
0.000827788    	-1.5491858e-03
0.000828164    	-1.5487770e-03
0.000828539    	-1.5483710e-03
0.000828915    	-1.5479680e-03
0.00082929     	-1.5475680e-03
0.000829666    	-1.5471713e-03
0.000830041    	-1.5467777e-03
0.000830417    	-1.5463876e-03
0.000830792    	-1.5460014e-03
0.000831168    	-1.5456192e-03
0.000831543    	-1.5452401e-03
0.000831919    	-1.5448633e-03
0.000832294    	-1.5444880e-03
0.00083267     	-1.5441144e-03
0.000833045    	-1.5437427e-03
0.000833421    	-1.5433736e-03
0.000833796    	-1.5430077e-03
0.000834172    	-1.5426454e-03
0.000834548    	-1.5422878e-03
0.000834923    	-1.5419365e-03
0.000835299    	-1.5415928e-03
0.000835674    	-1.5412576e-03
0.00083605     	-1.5409308e-03
0.000836425    	-1.5406124e-03
0.000836801    	-1.5403028e-03
0.000837176    	-1.5400024e-03
0.000837552    	-1.5397117e-03
0.000837927    	-1.5394304e-03
0.000838303    	-1.5391576e-03
0.000838678    	-1.5388918e-03
0.000839054    	-1.5386315e-03
0.000839429    	-1.5383775e-03
0.000839805    	-1.5381398e-03
0.00084018     	-1.5379216e-03
0.000840556    	-1.5377338e-03
0.000840931    	-1.5375520e-03
0.000841307    	-1.5373487e-03
0.000841682    	-1.5371469e-03
0.000842058    	-1.5369594e-03
0.000842433    	-1.5367803e-03
0.000842809    	-1.5365999e-03
0.000843184    	-1.5364208e-03
0.00084356     	-1.5362465e-03
0.000843935    	-1.5360784e-03
0.000844311    	-1.5359168e-03
0.000844686    	-1.5357613e-03
0.000845062    	-1.5356115e-03
0.000845437    	-1.5354682e-03
0.000845813    	-1.5353330e-03
0.000846189    	-1.5352068e-03
0.000846564    	-1.5350896e-03
0.00084694     	-1.5349812e-03
0.000847315    	-1.5348826e-03
0.000847691    	-1.5347948e-03
0.000848066    	-1.5347192e-03
0.000848442    	-1.5346565e-03
0.000848817    	-1.5346063e-03
0.000849193    	-1.5345674e-03
0.000849568    	-1.5345383e-03
0.000849944    	-1.5345187e-03
0.000850319    	-1.5345086e-03
0.000850695    	-1.5345072e-03
0.00085107     	-1.5345133e-03
0.000851446    	-1.5345266e-03
0.000851821    	-1.5345475e-03
0.000852197    	-1.5345769e-03
0.000852572    	-1.5346153e-03
0.000852948    	-1.5346627e-03
0.000853323    	-1.5347180e-03
0.000853699    	-1.5347794e-03
0.000854074    	-1.5348458e-03
0.00085445     	-1.5349163e-03
0.000854825    	-1.5349900e-03
0.000855201    	-1.5350654e-03
0.000855576    	-1.5351415e-03
0.000855952    	-1.5352180e-03
0.000856327    	-1.5352952e-03
0.000856703    	-1.5353733e-03
0.000857078    	-1.5354531e-03
0.000857454    	-1.5355348e-03
0.00085783     	-1.5356183e-03
0.000858205    	-1.5357031e-03
0.000858581    	-1.5357896e-03
0.000858956    	-1.5358782e-03
0.000859332    	-1.5359693e-03
0.000859707    	-1.5360631e-03
0.000860083    	-1.5361600e-03
0.000860458    	-1.5362609e-03
0.000860834    	-1.5363664e-03
0.000861209    	-1.5364780e-03
0.000861585    	-1.5365963e-03
0.00086196     	-1.5367215e-03
0.000862336    	-1.5368539e-03
0.000862711    	-1.5369942e-03
0.000863087    	-1.5371430e-03
0.000863462    	-1.5373007e-03
0.000863838    	-1.5374672e-03
0.000864213    	-1.5376421e-03
0.000864589    	-1.5378253e-03
0.000864964    	-1.5380172e-03
0.00086534     	-1.5382175e-03
0.000865715    	-1.5384258e-03
0.000866091    	-1.5386417e-03
0.000866466    	-1.5388641e-03
0.000866842    	-1.5390917e-03
0.000867217    	-1.5393236e-03
0.000867593    	-1.5395584e-03
0.000867968    	-1.5397905e-03
0.000868344    	-1.5400046e-03
0.000868719    	-1.5402314e-03
0.000869095    	-1.5404921e-03
0.000869471    	-1.5407757e-03
0.000869846    	-1.5410553e-03
0.000870222    	-1.5413362e-03
0.000870597    	-1.5416221e-03
0.000870973    	-1.5419187e-03
0.000871348    	-1.5422209e-03
0.000871724    	-1.5425268e-03
0.000872099    	-1.5428372e-03
0.000872475    	-1.5431504e-03
0.00087285     	-1.5434666e-03
0.000873226    	-1.5437903e-03
0.000873601    	-1.5441217e-03
0.000873977    	-1.5444638e-03
0.000874352    	-1.5448177e-03
0.000874728    	-1.5451830e-03
0.000875103    	-1.5455582e-03
0.000875479    	-1.5459419e-03
0.000875854    	-1.5463345e-03
0.00087623     	-1.5467374e-03
0.000876605    	-1.5471499e-03
0.000876981    	-1.5475707e-03
0.000877356    	-1.5479994e-03
0.000877732    	-1.5484367e-03
0.000878107    	-1.5488823e-03
0.000878483    	-1.5493357e-03
0.000878858    	-1.5497977e-03
0.000879234    	-1.5502677e-03
0.000879609    	-1.5507441e-03
0.000879985    	-1.5512259e-03
0.00088036     	-1.5517136e-03
0.000880736    	-1.5522068e-03
0.000881112    	-1.5527052e-03
0.000881487    	-1.5532089e-03
0.000881863    	-1.5537184e-03
0.000882238    	-1.5542335e-03
0.000882614    	-1.5547536e-03
0.000882989    	-1.5552798e-03
0.000883365    	-1.5558130e-03
0.00088374     	-1.5563524e-03
0.000884116    	-1.5568976e-03
0.000884491    	-1.5574489e-03
0.000884867    	-1.5580054e-03
0.000885242    	-1.5585673e-03
0.000885618    	-1.5591356e-03
0.000885993    	-1.5597107e-03
0.000886369    	-1.5602923e-03
0.000886744    	-1.5608807e-03
0.00088712     	-1.5614771e-03
0.000887495    	-1.5620821e-03
0.000887871    	-1.5626957e-03
0.000888246    	-1.5633177e-03
0.000888622    	-1.5639472e-03
0.000888997    	-1.5645841e-03
0.000889373    	-1.5652288e-03
0.000889748    	-1.5658817e-03
0.000890124    	-1.5665424e-03
0.000890499    	-1.5672102e-03
0.000890875    	-1.5678854e-03
0.00089125     	-1.5685683e-03
0.000891626    	-1.5692588e-03
0.000892002    	-1.5699566e-03
0.000892377    	-1.5706624e-03
0.000892753    	-1.5713740e-03
0.000893128    	-1.5720876e-03
0.000893504    	-1.5728029e-03
0.000893879    	-1.5735216e-03
0.000894255    	-1.5742446e-03
0.00089463     	-1.5749724e-03
0.000895006    	-1.5757059e-03
0.000895381    	-1.5764457e-03
0.000895757    	-1.5771915e-03
0.000896132    	-1.5779423e-03
0.000896508    	-1.5786974e-03
0.000896883    	-1.5794559e-03
0.000897259    	-1.5802148e-03
0.000897634    	-1.5809645e-03
0.00089801     	-1.5817009e-03
0.000898385    	-1.5824617e-03
0.000898761    	-1.5832515e-03
0.000899136    	-1.5840591e-03
0.000899512    	-1.5848524e-03
0.000899887    	-1.5856458e-03
0.000900263    	-1.5864564e-03
0.000900638    	-1.5872844e-03
0.000901014    	-1.5881201e-03
0.000901389    	-1.5889497e-03
0.000901765    	-1.5897724e-03
0.00090214     	-1.5905981e-03
0.000902516    	-1.5914261e-03
0.000902891    	-1.5922533e-03
0.000903267    	-1.5930797e-03
0.000903643    	-1.5939053e-03
0.000904018    	-1.5947315e-03
0.000904394    	-1.5955590e-03
0.000904769    	-1.5963867e-03
0.000905145    	-1.5972126e-03
0.00090552     	-1.5980373e-03
0.000905896    	-1.5988613e-03
0.000906271    	-1.5996821e-03
0.000906647    	-1.6004979e-03
0.000907022    	-1.6013083e-03
0.000907398    	-1.6021135e-03
0.000907773    	-1.6029137e-03
0.000908149    	-1.6037094e-03
0.000908524    	-1.6044994e-03
0.0009089      	-1.6052832e-03
0.000909275    	-1.6060602e-03
0.000909651    	-1.6068281e-03
0.000910026    	-1.6075858e-03
0.000910402    	-1.6083340e-03
0.000910777    	-1.6090744e-03
0.000911153    	-1.6098095e-03
0.000911528    	-1.6105408e-03
0.000911904    	-1.6112691e-03
0.000912279    	-1.6119964e-03
0.000912655    	-1.6127242e-03
0.00091303     	-1.6134519e-03
0.000913406    	-1.6141799e-03
0.000913781    	-1.6149075e-03
0.000914157    	-1.6156338e-03
0.000914532    	-1.6163581e-03
0.000914908    	-1.6170796e-03
0.000915284    	-1.6177972e-03
0.000915659    	-1.6185119e-03
0.000916035    	-1.6192247e-03
0.00091641     	-1.6199347e-03
0.000916786    	-1.6206419e-03
0.000917161    	-1.6213489e-03
0.000917537    	-1.6220565e-03
0.000917912    	-1.6227650e-03
0.000918288    	-1.6234738e-03
0.000918663    	-1.6241860e-03
0.000919039    	-1.6249032e-03
0.000919414    	-1.6256244e-03
0.00091979     	-1.6263468e-03
0.000920165    	-1.6270676e-03
0.000920541    	-1.6277869e-03
0.000920916    	-1.6285003e-03
0.000921292    	-1.6292050e-03
0.000921667    	-1.6299034e-03
0.000922043    	-1.6305977e-03
0.000922418    	-1.6312917e-03
0.000922794    	-1.6319896e-03
0.000923169    	-1.6326927e-03
0.000923545    	-1.6333984e-03
0.00092392     	-1.6341057e-03
0.000924296    	-1.6348194e-03
0.000924671    	-1.6355350e-03
0.000925047    	-1.6362535e-03
0.000925422    	-1.6369745e-03
0.000925798    	-1.6376949e-03
0.000926173    	-1.6384154e-03
0.000926549    	-1.6391331e-03
0.000926925    	-1.6398448e-03
0.0009273      	-1.6405486e-03
0.000927676    	-1.6412492e-03
0.000928051    	-1.6419482e-03
0.000928427    	-1.6426466e-03
0.000928802    	-1.6433443e-03
0.000929178    	-1.6440409e-03
0.000929553    	-1.6447379e-03
0.000929929    	-1.6454360e-03
0.000930304    	-1.6461311e-03
0.00093068     	-1.6468249e-03
0.000931055    	-1.6475172e-03
0.000931431    	-1.6482037e-03
0.000931806    	-1.6488836e-03
0.000932182    	-1.6495549e-03
0.000932557    	-1.6502142e-03
0.000932933    	-1.6508622e-03
0.000933308    	-1.6515010e-03
0.000933684    	-1.6521349e-03
0.000934059    	-1.6527695e-03
0.000934435    	-1.6534073e-03
0.00093481     	-1.6540505e-03
0.000935186    	-1.6547019e-03
0.000935561    	-1.6553567e-03
0.000935937    	-1.6560137e-03
0.000936312    	-1.6566719e-03
0.000936688    	-1.6573279e-03
0.000937063    	-1.6579760e-03
0.000937439    	-1.6586188e-03
0.000937814    	-1.6592524e-03
0.00093819     	-1.6598773e-03
0.000938566    	-1.6604974e-03
0.000938941    	-1.6611164e-03
0.000939317    	-1.6617380e-03
0.000939692    	-1.6623648e-03
0.000940068    	-1.6629997e-03
0.000940443    	-1.6636429e-03
0.000940819    	-1.6642913e-03
0.000941194    	-1.6649437e-03
0.00094157     	-1.6655979e-03
0.000941945    	-1.6662506e-03
0.000942321    	-1.6668979e-03
0.000942696    	-1.6675460e-03
0.000943072    	-1.6681937e-03
0.000943447    	-1.6688419e-03
0.000943823    	-1.6694921e-03
0.000944198    	-1.6701457e-03
0.000944574    	-1.6708035e-03
0.000944949    	-1.6714660e-03
0.000945325    	-1.6721381e-03
0.0009457      	-1.6728182e-03
0.000946076    	-1.6735052e-03
0.000946451    	-1.6741973e-03
0.000946827    	-1.6748914e-03
0.000947202    	-1.6755824e-03
0.000947578    	-1.6762678e-03
0.000947953    	-1.6769497e-03
0.000948329    	-1.6776262e-03
0.000948704    	-1.6782992e-03
0.00094908     	-1.6789711e-03
0.000949456    	-1.6796441e-03
0.000949831    	-1.6803195e-03
0.000950207    	-1.6809996e-03
0.000950582    	-1.6816864e-03
0.000950958    	-1.6823784e-03
0.000951333    	-1.6830762e-03
0.000951709    	-1.6837794e-03
0.000952084    	-1.6844853e-03
0.00095246     	-1.6851891e-03
0.000952835    	-1.6858929e-03
0.000953211    	-1.6865929e-03
0.000953586    	-1.6872876e-03
0.000953962    	-1.6879782e-03
0.000954337    	-1.6886673e-03
0.000954713    	-1.6893569e-03
0.000955088    	-1.6900496e-03
0.000955464    	-1.6907464e-03
0.000955839    	-1.6914444e-03
0.000956215    	-1.6921413e-03
0.00095659     	-1.6928343e-03
0.000956966    	-1.6935201e-03
0.000957341    	-1.6941956e-03
0.000957717    	-1.6948647e-03
0.000958092    	-1.6955257e-03
0.000958468    	-1.6961786e-03
0.000958843    	-1.6968248e-03
0.000959219    	-1.6974668e-03
0.000959594    	-1.6981069e-03
0.00095997     	-1.6987512e-03
0.000960345    	-1.6994015e-03
0.000960721    	-1.7000572e-03
0.000961097    	-1.7007167e-03
0.000961472    	-1.7013766e-03
0.000961848    	-1.7020323e-03
0.000962223    	-1.7026806e-03
0.000962599    	-1.7033243e-03
0.000962974    	-1.7039626e-03
0.00096335     	-1.7045973e-03
0.000963725    	-1.7052305e-03
0.000964101    	-1.7058638e-03
0.000964476    	-1.7064997e-03
0.000964852    	-1.7071393e-03
0.000965227    	-1.7077803e-03
0.000965603    	-1.7084216e-03
0.000965978    	-1.7090619e-03
0.000966354    	-1.7096990e-03
0.000966729    	-1.7103298e-03
0.000967105    	-1.7109566e-03
0.00096748     	-1.7115787e-03
0.000967856    	-1.7121960e-03
0.000968231    	-1.7128105e-03
0.000968607    	-1.7134254e-03
0.000968982    	-1.7140462e-03
0.000969358    	-1.7146750e-03
0.000969733    	-1.7153105e-03
0.000970109    	-1.7159507e-03
0.000970484    	-1.7165924e-03
0.00097086     	-1.7172326e-03
0.000971235    	-1.7178681e-03
0.000971611    	-1.7185025e-03
0.000971986    	-1.7191372e-03
0.000972362    	-1.7197734e-03
0.000972738    	-1.7204130e-03
0.000973113    	-1.7210582e-03
0.000973489    	-1.7217127e-03
0.000973864    	-1.7223755e-03
0.00097424     	-1.7230456e-03
0.000974615    	-1.7237219e-03
0.000974991    	-1.7244027e-03
0.000975366    	-1.7250853e-03
0.000975742    	-1.7257669e-03
0.000976117    	-1.7264505e-03
0.000976493    	-1.7271350e-03
0.000976868    	-1.7278212e-03
0.000977244    	-1.7285108e-03
0.000977619    	-1.7292082e-03
0.000977995    	-1.7299138e-03
0.00097837     	-1.7306262e-03
0.000978746    	-1.7313436e-03
0.000979121    	-1.7320638e-03
0.000979497    	-1.7327842e-03
0.000979872    	-1.7335026e-03
0.000980248    	-1.7342192e-03
0.000980623    	-1.7349374e-03
0.000980999    	-1.7356571e-03
0.000981374    	-1.7363798e-03
0.00098175     	-1.7371099e-03
0.000982125    	-1.7378483e-03
0.000982501    	-1.7385939e-03
0.000982876    	-1.7393457e-03
0.000983252    	-1.7401017e-03
0.000983627    	-1.7408593e-03
0.000984003    	-1.7416159e-03
0.000984379    	-1.7423695e-03
0.000984754    	-1.7431231e-03
0.00098513     	-1.7438773e-03
0.000985505    	-1.7446336e-03
0.000985881    	-1.7453972e-03
0.000986256    	-1.7461704e-03
0.000986632    	-1.7469532e-03
0.000987007    	-1.7477453e-03
0.000987383    	-1.7485449e-03
0.000987758    	-1.7493498e-03
0.000988134    	-1.7501577e-03
